99799
716089
706105
291098
850440
181047
452575
385106
19276
945456
47138
761583
708889
798665
338770
957158
920817
18052
196073
801636
805637
28541
349748
117973
456344
154789
253656
262840
747874
437216
517768
876501
951032
21316
219543
125407
709331
191572
252505
348072
792598
807899
496424
661640
989091
182646
529518
80480
602725
636127
92356
234533
170422
205566
106428
159777
183477
69866
673652
102003
500106
277283
856841
940617
620683
891913
332886
336549
800723
139703
480143
348939
54253
413090
102839
412125
677450
940383
141361
442873
524280
682503
499565
90812
126376
700198
552563
595427
616271
515223
930346
370501
891578
269229
319076
171413
145150
235186
403998
31169
122679
479772
776054
211322
540062
821658
128467
524366
916734
461400
363
210594
812063
712807
59633
343443
225781
781757
173818
460175
97804
441840
245164
968696
672127
309688
790611
480405
513161
977059
464905
54095
563956
753773
675486
326421
13642
232326
282590
459738
716607
715193
56690
981418
750851
937758
872031
463618
472484
875995
940895
352301
815076
473836
201029
242497
265297
555187
273084
297880
654256
390982
68307
509916
329003
824354
97587
309250
825155
654198
369090
322355
767005
751681
352028
404780
114387
148052
988718
205123
869021
35543
923388
653644
656945
475655
474135
28726
210214
569255
274196
718880
716335
604316
971552
94912
45281
761907
650992
619478
733170
769046
433233
613450
802892
25397
180366
907730
139326
859889
283925
353436
554485
587799
709720
607150
435650
556744
719819
585151
730160
972290
992448
408434
495957
997642
813655
533781
744687
927397
7028
296742
7667
694832
712051
510415
775773
26158
239745
720431
281666
205019
355858
173930
384559
483772
423614
372370
708479
316403
526383
360472
12519
887842
922255
959187
55148
910841
745244
717135
286179
707631
257937
247468
755797
68723
454345
8759
205458
587415
830378
750100
169691
715908
359158
409491
215560
179398
831320
471170
765527
221669
374772
284947
927677
778626
530801
983350
711818
616185
102116
86058
45860
360335
66734
306135
828954
483410
4576
498401
666085
371521
970380
400834
110621
652596
289280
673877
461083
927673
372727
956441
198327
580646
720908
41698
562141
503129
818428
812670
361508
633591
760366
312590
772578
818652
260439
274210
183488
321859
458488
2256
806686
732576
854755
303186
174841
629610
43171
360060
902639
191188
496979
751279
468364
914832
820692
9353
854639
929504
105083
993207
48875
605490
806908
611095
908999
811640
620200
83520
35350
342984
23559
818764
922649
464820
972127
202786
525871
577125
832718
842666
470659
52889
663464
523118
637580
820609
916511
482518
557
434768
987589
915690
857603
859805
801926
849169
861360
525509
885862
825664
623646
982266
49542
122643
672701
697864
140508
700343
973469
513814
902845
287841
74665
418784
144260
674134
323026
772549
665227
284289
756883
585684
74001
953345
853163
571271
361164
451949
557466
656168
97380
941446
555609
843929
378647
576603
60903
345574
561984
880860
759838
498419
261169
875126
248791
456821
936795
596086
987704
32190
967137
748997
214184
694771
457610
975181
236667
256150
34911
607037
840334
843727
824476
148072
130979
135994
533896
944516
48342
435917
328651
402715
927047
995238
607851
416031
870205
783241
256619
533943
201913
776780
254998
298199
833880
875173
25399
393663
603113
760825
662066
574434
800830
40272
249598
711784
250069
201358
339166
990255
189619
914278
113545
424715
832837
238469
17551
188227
1273
884567
126059
6458
791274
147740
557629
109415
665028
311904
430852
314710
402711
154597
437640
739993
915625
328178
142784
783751
103496
634542
413405
846218
246356
335303
522148
502034
927120
908481
782030
673722
435996
920399
392249
225536
116766
196704
553268
420168
55033
148963
272823
595358
989102
357498
365312
435210
676298
986778
693584
656017
720306
769004
323753
296257
436549
22259
779171
290893
528198
442782
65312
477974
96980
940179
230892
196534
967953
241312
122690
36346
761635
861305
581545
188556
649966
353419
897011
328540
784773
490709
544153
781525
522749
167701
684831
875859
278903
475971
882963
410609
301692
804971
682881
645049
848014
736396
97085
822196
238163
464822
186953
206691
788363
94557
496878
314834
577138
173678
105141
196978
776192
130042
924821
634475
604819
915804
952345
942875
48010
854603
615408
31308
829400
786675
625891
495382
359711
233276
322507
968372
583343
862366
851513
108969
194293
660136
461772
750491
260935
932589
530328
364137
210351
606246
859381
84657
105614
853351
299370
83754
24335
268718
869450
246329
71294
79366
550054
528416
401113
81226
959529
786301
19731
349645
239682
761526
374559
224251
858371
509015
421419
777285
904929
814807
488097
525657
621028
553680
903505
36176
257075
15217
966717
935018
252460
753250
286301
404027
545229
519052
243245
147397
603195
599832
705935
651978
941374
279292
421458
385223
488229
33196
814423
900296
306525
302527
818216
535472
420778
592302
74741
31038
188368
581727
922747
536816
275299
81702
28484
701660
85498
542706
923518
871309
894140
82088
839426
340250
875535
931033
404161
482740
641318
717546
679276
486126
800829
515806
781117
533002
475944
824699
198524
589835
81768
192906
989413
78699
662786
710014
223640
248832
886286
340370
266588
260569
168963
344604
30072
117989
624163
826632
588106
445202
93005
108931
496906
359424
13856
933825
412254
842108
675064
12881
746395
807471
613781
391818
708840
282773
70326
854592
648769
343474
365908
545319
98971
132985
26372
306801
376509
61818
273099
667921
690278
331528
225222
937780
10236
28004
187875
730340
878599
438610
894451
103984
572899
202781
54852
42905
583163
198461
702423
190153
920269
154800
875787
515129
147995
65185
138507
630234
313486
352393
421501
703076
668387
36596
674641
286096
415640
457702
856128
661508
651565
396054
918592
73248
504745
807683
735419
238975
44921
673988
879131
593293
942925
575666
749434
46536
318929
79137
515669
89370
944841
296805
838279
589639
820499
565099
556053
953779
338160
323919
874954
380105
970214
861281
559538
182859
199204
78962
867809
686485
684778
334322
316974
917772
873729
655748
853339
425612
715000
989893
597829
248497
929201
290361
865086
933557
56072
636315
133990
282906
446562
51507
219448
468737
791864
575934
498845
978580
669643
122006
807535
411725
257353
880529
774903
830133
540945
951613
732572
135449
265804
693221
212014
218990
290095
216417
366287
398836
624463
784898
565929
91651
568722
718383
15099
755102
839621
66762
883556
319119
385412
563558
549905
839914
798665
375545
131174
253823
769891
290115
924460
792823
955023
444615
48855
600359
90967
988710
260136
82144
799779
74108
246413
757366
150056
660092
575877
54401
763520
973571
832923
719970
128047
695433
946496
448623
935554
284662
651002
765611
814452
824342
698023
423559
63814
684380
570875
657556
749644
745319
605754
143365
231315
253903
438270
991153
664413
94580
417666
785435
147831
613808
461633
329874
643080
230589
491621
867265
596822
646901
525159
821709
296107
470416
988840
852601
596491
410994
80191
480640
381608
741771
745416
998600
759732
209862
526529
688197
311117
586543
673656
450610
884554
480541
333298
511628
917738
167225
347837
175195
200019
542780
3434
396509
565840
406229
217734
78647
841069
875564
819901
319600
757127
257200
246996
549041
169411
245156
772937
866510
66612
315470
820441
187616
38223
795768
960507
519267
732389
225775
549029
657239
457324
602130
219899
536179
818670
463661
350986
963730
792235
417369
887497
587778
485209
68232
408491
512160
540494
459346
309401
353940
61725
90636
342723
22046
529762
234567
843783
856662
158949
171782
123293
6008
597883
305499
824846
3279
541770
786964
852406
714283
732433
166706
719732
937627
384969
928543
44055
692451
565739
343464
783947
528399
773351
220394
476756
803815
926738
464500
736982
40047
643901
223102
791504
517064
712863
273957
996178
181674
35453
533414
78594
723745
171232
351209
157487
720775
512435
775788
969023
214244
220497
236562
973310
141605
580218
207536
696154
169698
778497
755599
577516
23781
222123
619627
531097
116673
390361
73388
180312
493707
469658
245050
240208
75172
795
614712
730845
523664
553271
974724
811460
279516
238274
491418
834116
986541
662770
831534
80741
810879
807848
931006
572739
718955
320651
181907
151458
152886
824239
131902
736937
959577
518250
540857
69238
886036
39374
42785
729869
290070
120326
104364
330413
259898
945102
804075
628157
732992
947002
930182
51608
421423
113129
89639
209272
312222
733284
736323
198156
961698
684651
430980
39237
748036
233072
298191
789922
65414
993803
465793
534679
887976
294098
438651
801862
831497
881676
118648
699370
5464
531727
509312
747414
256102
465051
650390
783289
598034
257679
881286
730633
925334
911502
834016
829458
789022
481527
860567
244671
437857
406110
568785
158661
234924
548961
494052
358734
747841
529686
729015
224713
549766
916257
395747
552485
666593
60347
2169
480996
466126
365682
711816
527181
504135
338410
388358
722857
23662
511356
14021
401783
891593
862255
869651
230269
753374
744047
807498
83377
917848
212785
673865
784231
927720
81625
138400
14369
740511
584801
110301
546591
194275
747536
580786
664849
750674
742796
129132
524742
302156
469187
802227
146298
626375
660292
840138
457241
742092
753737
71822
561577
320737
677667
18522
951929
496306
918840
766665
884729
414103
209017
945133
269156
958996
476130
329421
706719
565762
631268
755936
423895
760576
762314
114349
355649
299571
772787
316149
216812
859997
939447
875534
285035
605486
371526
979470
451836
275449
555341
754162
811181
110758
877096
642150
93824
560563
692260
991758
202174
194804
264247
991820
997846
714863
74053
498272
300251
256180
657390
397634
356962
396595
141819
906480
390597
597960
361173
149181
504005
852498
811393
418165
770594
789856
220858
232982
698040
970856
104222
897858
455411
637048
900794
407847
990589
6969
14312
353967
367856
484807
950885
48138
209768
680617
524893
903065
497089
230653
758964
432220
820462
855781
826390
956837
965599
237709
49440
393005
827049
646020
328488
61311
368125
823962
423049
539380
370828
111699
805646
55920
831349
372797
292197
337334
7153
294541
971592
547129
629708
273057
162832
673040
76969
533248
334790
87462
707997
748824
610977
286122
223134
433748
963590
13859
961179
343967
915158
16471
77122
93588
312771
332768
984592
589410
191132
700055
157370
299778
495339
876849
637206
551671
762058
14414
377450
449039
693304
134407
74623
528770
527051
466406
16486
617860
834943
597048
866030
824712
362326
537096
556555
46692
312290
780485
708240
808694
642524
186703
730654
527638
377985
76078
927708
873880
975728
473887
92523
856889
22740
379949
810425
465040
899226
704973
222530
573422
857315
540374
768280
670640
213548
605132
128142
160277
222082
450067
527983
515724
559905
400515
525106
196689
682627
646484
740171
969680
269153
942850
266559
584607
271116
385448
649753
305958
536834
371838
282104
241316
762488
370534
808156
24005
985080
826476
869723
516808
694183
100547
710722
920888
834572
683743
266609
159754
200929
565409
362563
730517
560060
607951
688249
77595
421151
5397
131551
325163
553121
895948
10067
276336
373833
693233
348426
472418
920452
873403
827109
288026
791716
276924
340070
886136
109267
98911
10462
476650
553813
759398
957315
767420
159060
725596
272283
304904
349668
949537
912900
319476
471772
649243
368124
648246
603290
916683
518101
592059
678429
810532
411708
406298
61668
664357
848548
391591
377207
626147
610495
561023
500406
90575
762014
864577
618800
461792
13602
963461
285703
743585
431900
804343
893259
519579
409364
250124
79014
77375
925603
145400
677334
849669
701120
898542
524351
470170
657297
717798
741875
790261
24236
362535
825550
243063
935581
881935
236811
683050
930417
353128
926663
16587
980707
165364
332661
777960
293014
316506
630400
908452
382695
854651
407771
733927
808285
679394
247656
694723
945855
692235
316241
967267
310051
521711
548495
354487
187831
496812
476295
716528
130112
369798
744361
902820
790105
313475
690793
283242
653461
741774
461631
116291
214953
213113
675562
497610
737224
415197
2499
304409
8039
320744
169953
632387
812124
685147
188022
189143
722367
192188
647606
145170
891498
707673
626452
711902
710777
47186
220905
805573
588687
15164
800652
407288
645586
303286
501190
754945
520466
751879
769204
455289
637899
187504
524710
251064
374531
419826
845056
880341
480566
170501
527894
779221
858496
645492
900157
325417
312656
149696
897482
273317
979215
626339
483469
627499
643561
974174
672323
981177
179429
596563
733491
11184
895577
354300
429592
432722
702999
388882
960025
557207
866601
683413
531121
268009
594015
88256
6415
304376
889091
920656
209444
490146
990352
333311
516938
486624
141755
791813
209687
434085
528698
644465
376191
745173
109192
214016
637896
108701
236102
687699
507691
277971
412260
631050
284754
923564
210201
192429
231300
325017
310802
887411
709448
449635
879784
311283
295895
274670
576541
542383
494911
61632
214287
721642
649123
928282
835953
70473
723330
935889
385202
879488
926351
498762
800809
816941
760025
613982
416601
459987
201485
170243
739182
292105
75309
165949
807893
130978
565157
390618
832845
289332
150839
438678
826517
990487
986288
27768
4312
122688
18733
305867
418393
64571
772582
54617
344961
584446
333102
952192
664291
586784
262403
954727
572606
156702
664192
94148
220600
715409
678503
722883
47420
738229
643425
883625
416441
307051
334942
238795
360063
256849
37373
387701
468748
423470
470777
416342
390072
644365
590837
849138
397861
888721
692952
228622
260767
612362
990259
507191
643977
999494
337712
39667
267272
63800
973559
231357
500941
207432
566938
556896
526613
56552
279561
633840
4250
757757
165493
682537
426348
184183
76534
645691
96272
771425
802642
65297
478357
169020
870325
191017
814897
465063
349229
145329
751663
317873
859023
582789
110291
560355
825896
949241
327137
181097
25566
743949
181645
603424
593606
844614
592814
283213
588502
672164
677227
360401
974313
910024
105552
152601
953682
930511
664859
73594
410814
835405
406435
216085
247609
718622
774012
562071
408316
926994
355986
906943
606539
969356
387092
668400
236214
904836
495375
69182
902528
94079
353177
446623
295799
493871
161883
53289
464413
167364
501817
810573
959759
373500
828
193290
866780
787958
862861
899475
863643
119260
888693
545156
426520
702859
621771
630412
635383
45776
80049
74178
501285
114703
412739
194334
758284
518405
662233
654870
263161
347008
136556
254032
138486
674429
173218
268276
261227
844093
997315
633567
834097
271243
812922
162313
573393
305479
732634
321075
533584
751599
385561
324856
138904
796605
145827
859806
739330
673912
414441
432706
45702
702437
204401
320804
449585
238518
909655
377763
685746
737672
785699
765188
941134
299018
983198
778573
126918
7008
392699
210601
238224
771121
296828
144115
186429
162574
441207
491327
931097
130621
147541
20084
805726
59060
740285
273817
251594
752006
6548
244591
623207
148875
875041
405273
337493
741516
103532
182003
750381
416675
669788
907487
202492
984892
707682
819926
639058
543048
312182
154249
166372
497594
824502
22260
947435
689177
842804
647884
891947
16225
769328
454962
473895
834776
50933
633406
498921
188777
16334
357701
21904
88065
79325
793584
331245
737254
149328
991178
719412
694435
666147
784977
28021
121173
681524
652935
131600
935468
770874
579567
479186
699755
269073
301388
379377
628154
742425
176811
758819
30421
577795
410339
572283
986210
929274
991765
646823
123326
641463
298428
962819
56978
529544
669439
227161
12526
66966
857025
381523
31112
163848
645523
662496
619027
360291
906438
857240
390740
378281
445175
722360
671448
463826
441844
739698
894580
770794
831859
316926
988448
897573
757967
426454
334102
607198
842577
886151
174056
747136
110534
606606
584870
583298
413554
209809
806836
929547
935506
668372
317285
697244
383727
495361
775617
706030
632669
923478
466409
121120
593867
821183
404671
541414
92801
988800
461353
577187
286952
777218
834024
107791
777120
212937
769110
829095
190016
269299
167443
705456
290804
719831
976947
732796
360082
977592
28385
631479
286046
955357
670905
851403
996209
84729
422559
923692
706427
975456
571609
395850
384110
115238
143426
753101
194771
339910
569270
372065
649594
959555
46526
249653
455700
789632
389233
908435
35994
636244
766416
830295
259840
927346
816073
702962
89654
978541
190771
226310
583345
661220
651682
154326
899632
278268
270910
44542
335960
652585
994736
984863
915696
197771
820803
473186
174896
832344
380158
757998
900058
226781
869374
427962
282076
159197
908567
551374
64369
837110
108892
632753
680026
94505
57857
86381
676259
421441
197422
839424
694233
624006
969449
332466
104574
347427
774490
122294
612067
447816
169621
915035
637739
852829
623877
312215
259578
912693
841061
256375
702088
15201
878650
233091
785055
740143
676834
322085
335708
178212
330767
72607
855106
52067
603994
14073
704728
347768
640440
357379
15984
196482
781612
561450
560516
913537
135514
247844
150150
43624
876250
350232
161590
724103
620506
804817
505867
687862
668360
240254
104131
847920
310376
138053
463219
972259
922048
69481
192141
982691
279210
286925
512747
522843
470755
636749
122261
205660
239721
4584
83603
283806
30263
815284
203881
356748
903008
801456
841647
453078
190722
516415
667856
814598
484426
531492
875864
411556
204607
475321
951556
181717
977558
109709
170592
93458
423187
218391
232131
5346
20510
96722
762808
28900
393259
951437
457420
250703
603524
669967
548108
228102
763606
469925
688206
47464
452486
243303
348727
531372
55449
404492
257558
783919
766398
624033
755673
105723
491438
10940
462297
873781
246876
165909
374277
688845
138496
526541
341995
715133
163760
454030
575066
442273
833736
728464
495708
407153
859926
911846
516192
22255
360092
58094
872692
236581
343765
360584
310124
214216
893583
454396
292930
581724
666335
642721
99627
588738
135996
430327
824020
415137
654852
499796
755906
146752
776027
881016
660436
91442
767985
91162
640269
714955
51431
313324
989366
552028
629153
796780
976970
930138
823121
393232
772267
658226
954549
992726
714101
857761
402052
183
557660
774453
876316
768558
824180
702808
267353
333718
607653
118511
62273
708123
426758
546734
861628
7108
526961
646780
892297
103625
21397
741151
175422
220657
185993
538871
172456
813370
10473
404043
62489
521949
219744
482713
649898
112710
277351
516659
486181
572907
298182
318204
286092
246730
373696
450778
524086
508496
299493
905715
570524
353889
663693
467513
520521
461386
136166
346885
740026
653415
787487
700517
862816
959408
326502
327991
159246
330331
130644
491300
576267
729312
646421
883410
897839
149668
506572
45197
872618
952679
698977
976052
161637
449738
974397
460256
331922
915893
264266
915285
17466
38877
167653
450777
511044
378944
945774
369591
735610
601973
138258
6810
872149
176207
46432
188702
737465
802460
355894
831537
525342
230057
755095
407067
984185
164037
719225
968921
777006
913463
808443
703067
858564
576849
191547
613429
205360
495374
488340
192096
929246
937843
980229
920327
656861
935618
816801
701835
18355
924445
211878
79874
222234
640700
772227
529020
924613
632712
891983
631731
642751
91490
577391
912817
754141
845975
647421
223099
844386
840260
940976
71965
99764
217036
727514
254071
569984
337578
383729
79461
152504
382723
553069
409902
681668
13964
700946
536890
455196
624007
828155
536340
582640
21799
297867
593574
796158
16923
712551
690782
351011
955607
962078
292594
547619
862147
474405
198460
821303
528627
628250
372614
22931
135139
278358
916128
641135
406550
381470
86325
2701
420488
384296
694905
810461
184765
550657
991579
529045
849487
935790
929826
149076
467025
112290
869000
131301
593778
300843
939352
334530
561416
823242
368135
89522
823803
862728
910879
279321
180763
156607
606143
972091
886432
291170
937946
415853
773172
221922
779639
155563
190332
948875
706171
419635
734406
477447
376867
231340
999948
191519
266495
613801
532182
515579
424148
887363
86152
619959
961883
77629
42653
229631
659734
953993
162761
125053
198784
237224
757
683820
68333
888205
216833
384957
562515
755782
587091
931236
450600
437535
393793
516869
430687
237395
423007
725013
773715
263158
994749
30309
973869
869338
582580
315493
200396
810502
292186
582650
369896
995883
692715
679227
86258
767368
343874
655260
857662
22160
991066
522183
128812
335705
425155
597277
449148
197994
60236
857316
360927
808454
194731
897005
32580
999715
966480
132390
592525
85000
292630
534743
404842
262451
325197
587074
103612
798125
805310
219769
690935
264909
199272
520056
823335
954566
115761
194729
839067
261483
503388
115207
133335
315141
598772
648203
414642
224773
626031
136377
914554
642751
329250
669642
244622
292064
552400
758442
250407
151312
242352
378864
419076
623352
676630
429663
521437
562758
364261
435050
386429
134872
888443
455415
908650
403887
117032
198040
690291
796231
787866
637384
139756
884447
250556
510378
699196
319594
828428
749035
479398
670247
513695
396708
263932
778918
339295
870086
113363
261808
786125
442944
945124
257313
87913
972300
836668
843624
938784
211
86484
56334
864860
702641
552229
931143
982567
901007
199850
32191
283405
785078
429969
207915
657487
961459
815111
520876
837164
127099
839211
528488
56270
241361
570811
538868
791846
969940
504524
957802
706840
246574
171635
980766
454433
197391
716203
380913
553994
385333
840328
151242
432904
132732
80145
52990
142229
915566
364375
324123
174505
239635
703995
105988
469030
596348
231369
116625
837409
156493
906731
375777
45678
281867
576864
634169
324637
235462
530683
155071
903580
162139
116484
103612
669
968361
165571
74935
733481
445135
718919
766092
101719
78085
499162
968769
935067
9248
253509
129672
609120
236078
942942
442827
424541
196207
372955
927297
769102
622977
33249
45023
656558
248038
109879
636753
986084
301617
298188
512222
52463
331779
742245
412281
207402
73725
809311
332194
640449
184394
349601
638515
846770
374693
602855
423754
801011
966822
875745
514226
165132
467106
722814
855007
503702
953145
844877
655834
823818
194316
427102
728718
109173
967373
253766
457426
200711
856408
794658
470455
478594
98285
846278
375662
980470
782712
318190
978481
877881
970189
864079
983410
840039
298380
891443
482378
904556
564655
672561
845732
395856
997708
190159
780201
142091
941801
73313
576184
388252
918184
632826
240466
993016
165366
580603
286806
923778
14302
305435
226278
987097
318173
503635
183265
321009
783875
269491
262515
39408
680202
890663
75123
709738
69935
78175
710148
942347
816109
153616
153299
452964
960960
984945
285651
237580
502734
920073
750353
571769
331523
874448
561182
33740
617949
278147
171614
35331
630526
275765
734009
332494
574225
778906
231384
949319
385088
278343
156321
373888
757373
575263
555449
730348
918406
14976
120186
940936
772781
726160
87085
127952
848496
736558
701439
588072
793056
534657
820951
564737
275710
47827
267992
761660
857796
217406
493894
547215
69102
788306
175400
92879
528490
29814
771891
806519
112798
218499
607529
959319
555176
551439
446549
960721
940943
248171
930094
496916
960448
123406
293816
622317
489645
967532
56345
740661
435342
230482
124647
349202
745569
848324
250908
659179
970517
502171
278311
331137
567067
205438
892482
894675
900709
360347
893301
920600
951631
347082
95861
780869
285119
520522
650380
728093
261122
60330
871823
343127
722962
677938
695852
950418
138688
683202
889963
94449
871622
614101
799165
81073
887082
9297
352529
426321
544916
131260
361014
868328
516530
326588
988343
754782
74552
852603
807516
736601
497401
248771
516271
203974
948727
42063
856159
276278
309019
202975
427352
69950
199494
565925
509516
461162
695698
679536
542700
222180
393010
268854
54122
490884
492916
820876
274678
606853
196783
616250
877653
284338
494306
754689
310655
765048
557912
238130
739046
474252
893932
671651
121207
89445
511568
678283
30369
118518
219014
884164
671005
629598
880731
241569
648522
520710
52319
340702
805129
469682
774213
959291
301702
962839
891317
524021
172819
472891
256264
245965
755567
783291
499530
923328
698206
350442
722804
769372
246769
181031
19641
322581
669653
484645
901411
302647
428030
485052
817737
377080
953576
81445
155587
969588
993357
778995
154060
960918
247071
371828
301376
379058
997730
857606
542081
663263
859862
973548
801850
874716
832689
931381
326098
556122
209097
911330
625555
59284
370813
289931
871947
661720
587905
872312
802891
374531
552511
433176
554624
739549
476455
65474
432028
488141
470239
231474
982075
712573
70499
568328
184580
361958
353575
980297
450704
857419
914026
940832
44833
492750
522849
671652
102326
79751
337598
368351
755967
644661
337159
383294
891739
434506
665236
370537
571580
828415
547014
117118
455473
423975
50506
881869
922166
291531
559372
32393
772360
716188
72740
666186
633159
800612
857508
693668
637457
816055
133540
901736
513668
493132
225714
672225
626916
425444
756914
94565
153276
668657
635134
567570
784076
270927
314309
445581
624039
947195
712095
962046
433727
877709
386003
889280
893840
882179
146579
471803
421387
503536
519695
482536
396952
840387
641754
98514
852178
365101
305932
501130
788682
801806
347602
768723
903681
186775
880147
641595
829379
225802
891567
451836
998468
895698
329475
299997
932294
473595
536798
456311
846445
105053
332801
402302
3613
38533
695903
894866
630735
247993
775268
211707
464111
749954
173134
241796
191397
794297
33778
569011
131342
689362
427778
712631
387258
66951
770583
34282
419846
559695
547340
390672
600769
126564
606527
400646
912721
600383
627960
659857
76899
965412
55777
656381
258279
508578
785932
707672
524672
203844
209573
445943
850061
30176
268622
399471
959545
220908
694805
255788
864676
620806
668365
139782
485460
742904
695883
696185
567113
257750
714750
191585
317528
874129
352262
833708
188127
706480
206338
954799
860976
228935
902176
782156
33087
164894
234956
226472
724296
541355
566463
287496
661237
409770
298421
711075
500656
97543
371650
647157
344597
914941
328641
144703
71537
533409
143809
774262
719249
104142
323427
394107
84860
749713
320534
280474
756698
653918
754164
882573
474630
97352
859158
474117
696828
1834
44077
558013
731558
166160
222189
934831
409764
494962
501687
551812
707070
12541
724937
934157
842564
714923
90189
633755
474268
586266
745170
577824
735316
512581
860262
92299
761227
667989
268833
786837
321616
981127
581148
640863
747841
455933
652965
182625
188139
901462
190332
619233
916104
155186
250078
939689
228208
630108
85273
540143
831023
579867
814374
544594
424244
846346
771003
410784
302413
985808
629658
2099
371566
243138
755712
130021
975086
447633
692532
849283
762188
979666
912835
111942
70684
365947
345293
543250
756952
88113
580789
940450
200571
658907
850408
579091
718259
477671
55819
806782
718742
53609
560029
849772
944539
886407
439913
270785
319201
298723
908555
604524
524303
243781
3826
327955
535106
327558
947273
579685
471931
990560
25074
44826
573056
325963
841319
894711
89005
633782
299249
240668
243144
43666
239879
865356
808866
99434
152140
550066
613112
466331
298031
845435
292211
745741
766804
211588
112742
273946
492754
963784
147242
824005
730218
930828
430189
686620
488707
863914
154356
248340
812227
953202
714721
402030
743326
575488
543794
317014
937606
42484
990049
892501
273691
48373
283811
608172
412671
762146
569708
295415
980833
518973
54480
445754
293254
717301
758835
656750
407860
115095
412325
264564
184832
540220
326908
623071
342594
326724
714439
527107
860918
355240
820275
324690
554135
550354
229895
624185
485065
186024
676641
780542
164592
146197
96581
416797
165376
568725
371498
593286
340794
218178
823178
833671
820652
253117
268761
411052
368568
284378
781208
769820
375615
381840
718505
140768
324675
906886
988682
513587
778134
695906
280876
573334
343082
163013
601712
841566
231864
559485
462177
582249
17179
636253
136056
93472
584469
376541
552094
826819
565429
19845
556346
786981
322559
519519
288533
98750
387569
478973
351220
831295
102350
935034
685987
822500
191394
170050
180984
621552
823668
349651
953972
232828
231246
744881
646562
107180
317046
746471
526235
360478
102939
119413
573420
31504
362171
962505
63999
562312
554777
238250
804538
416263
768881
591273
82422
689075
607235
101375
77752
167023
20046
163070
10048
536087
810484
263771
358004
210072
648649
607411
584380
436708
612624
930605
791515
307488
4731
331204
84252
335291
301878
628448
589218
941205
886333
680652
566037
427976
710707
538484
632137
501575
651903
75099
217920
53169
63822
825948
520042
120937
428643
159934
191779
972108
880214
172049
802420
988806
379937
980755
197461
228853
637914
438599
902184
315887
942455
904512
177784
992768
606547
959671
707798
349722
670688
255489
436437
503751
569433
247573
487898
125249
545897
304328
437473
37634
529318
181730
359582
733221
378593
521709
899244
348400
308088
501666
344747
411058
180966
181231
795833
149758
779186
559694
364356
763709
179059
414254
61086
275395
820206
128437
10741
475614
427607
977353
348667
957553
596168
487615
66971
124945
866945
42415
107250
6058
509414
159661
241925
549760
137604
925687
171219
329985
875871
538523
226321
232287
611504
433045
400989
508017
434443
980858
301693
261931
125199
346338
946819
960347
13424
453146
378093
160487
285163
42701
150960
776274
136848
249204
333823
395875
105672
744667
853244
450680
100700
259432
115392
553015
564820
583805
14786
141986
995559
364722
924115
774059
860283
870888
489144
816092
712485
766937
507957
544457
648009
682931
855515
745277
563046
839868
367977
803184
910901
329373
385657
815071
926752
665784
678849
180195
121155
661655
142290
197551
640274
398565
148058
212750
162146
621826
348898
633321
19535
339073
737802
980853
340351
497412
641444
517654
275223
233005
655715
750805
6261
866557
430420
576621
405643
487723
195195
176610
626620
112996
868611
507110
357000
578657
706221
269960
191304
954378
607119
505493
732569
215764
862612
624480
791305
863957
368187
353474
194025
875507
585122
82359
198305
574904
468054
585158
2692
87072
494566
100483
586914
55326
547569
351156
309032
733006
653786
122327
844958
454197
429876
891036
950794
801562
668005
889132
558943
599471
59794
54035
631198
454120
898693
798683
17175
558553
789907
826023
518028
608866
550318
246250
458767
118967
37848
682656
405274
918802
225967
643854
928988
241396
768334
42433
107595
31122
85377
115790
647765
58311
922407
83448
356082
69816
58840
702028
478274
797803
992345
260845
65926
132894
193411
872247
626213
278000
970755
81240
976531
8929
267717
1014
450004
846621
275041
507457
434163
954110
454241
600200
586196
32930
452711
34420
714849
793008
861680
916806
629192
297631
670406
387718
384752
985491
53879
898890
576852
820365
943491
381013
403205
283937
784847
736550
572789
518336
222345
261893
950442
849413
849294
903010
317687
229264
629983
707135
634015
317969
746890
539206
931198
717865
462155
483847
981374
735613
967275
221899
740651
26345
351483
511058
331029
842633
353167
406846
393416
483261
933959
385474
96313
29489
455455
586202
686319
336597
106121
996590
442720
774262
171535
231028
175478
592988
680533
473104
191628
135087
750491
418109
847658
102581
812806
663733
209703
194003
687071
273754
474040
435576
343910
243295
975471
604251
848759
359645
269651
415542
945619
304387
142236
846746
339592
898951
578076
456491
476888
885700
309667
151091
323354
962089
641057
97474
573290
572341
384123
709769
126462
743153
685973
256841
831896
434414
891690
773870
41922
769882
85973
184448
741752
97270
494722
283634
809195
594057
481725
428056
178791
126391
42312
727873
493766
973322
451197
855030
616565
427713
103831
176939
622686
14067
302384
379342
776122
58683
67302
595015
5269
944088
718368
426045
193286
180744
214257
566834
809055
323533
655694
736938
486075
315748
44046
963595
554229
580417
974148
171321
280947
926801
105197
552805
835545
920457
723922
79798
285579
801711
46839
392344
917257
146027
538690
268352
706175
994361
870076
93564
624546
186530
329056
344057
185610
731234
437010
264650
137005
690031
112593
122751
776749
101846
919194
37161
44718
922515
566664
501959
369868
140481
980558
91382
199474
343944
813257
161336
591762
103308
188137
436962
14250
75550
373830
82725
766990
302227
270369
857413
19037
517498
384261
421542
761065
202034
575918
331062
816217
869451
804756
207852
283742
324716
280872
734269
735791
3803
392956
576979
140894
689132
236347
374309
593057
28745
100018
916579
550263
667839
299713
589707
211940
391917
965797
536478
579321
998504
392109
593000
667480
134773
718495
495015
309240
753369
433988
166087
947699
398978
747440
399839
144298
595126
661333
736685
881678
152882
895110
52668
835009
845386
538799
450983
212599
481621
354431
683869
153479
883250
390323
837376
605736
718776
140882
306679
955321
54724
831181
907563
200516
960005
458189
324116
166688
385246
616240
52268
822109
414703
401398
767440
438894
251904
384925
97559
974259
32510
709675
824848
379585
8907
725799
228014
177416
671194
252324
322072
160444
187722
8740
120729
944460
178444
281781
388040
643873
441392
670654
106479
45778
792185
957719
987600
865928
482423
256177
634148
61341
801389
242717
614159
381344
774837
91509
47734
775373
421925
184621
264670
399499
93594
684342
674867
473515
270596
978468
837387
547778
424439
96500
88892
709348
278488
342826
431706
447272
821614
421765
146443
192862
516655
259363
5341
246754
313804
474723
941615
469357
645495
628161
924693
888822
359653
426422
536022
164167
324456
327397
650795
364424
457703
707097
595342
990361
365370
179626
368087
260584
332660
651178
469202
237262
363283
501885
257621
875714
411082
440518
662332
831955
777621
929839
202898
300275
570493
54641
680221
438487
373181
281150
848706
970941
229210
575332
285267
615186
934019
479801
13086
534907
653793
44424
703912
117032
799708
4518
234218
226599
94705
250794
821708
596037
133348
69749
547576
860940
44556
353179
807313
889115
294880
632592
181386
220033
797987
407736
276720
557967
361329
470610
541992
397442
832448
351834
591130
919298
711104
886287
663252
834063
493561
821191
944639
760870
781246
310831
452680
830996
423543
534735
268907
96333
491333
302955
670732
424601
456238
504137
53844
153898
906651
994498
699124
424242
1187
712238
429219
944790
234556
119336
924701
461100
901376
455922
789807
242377
527567
971837
752062
78654
876322
598694
404119
69104
608605
863852
936389
238157
326685
238058
779562
343074
116816
91651
483090
832714
75319
699786
137271
757677
821235
29030
97420
6507
289596
878074
700628
977804
755374
84236
674614
244031
703983
783393
285226
506759
684582
477439
60172
705833
802176
895230
305150
823330
868841
561365
636612
858478
82370
326415
759178
417507
171288
816050
112950
885586
126877
248445
881387
470817
363258
606794
123800
920637
974595
892048
338080
434177
646233
129663
342488
541271
151940
72578
764927
461700
738027
165153
759847
250871
6241
265111
907968
63828
554273
34656
9622
511983
664404
629436
488063
254597
653749
401818
434443
388262
314483
11378
246268
39475
93568
231202
102360
413101
695255
330119
858700
476604
996368
374894
739341
628869
156242
273816
135727
297131
389072
343266
839924
3612
782826
519197
170907
582072
219143
638423
725332
699272
74182
736217
115541
672835
499874
336585
865488
974785
101981
641487
511107
156043
995330
326541
634677
53698
311138
640071
273132
381663
656490
776201
78949
91152
946077
559759
614512
738133
552941
746765
514537
785308
230262
551807
691912
494108
382707
645750
180074
60503
800603
379395
74842
560587
107910
77108
433463
919351
699625
575424
713291
839026
256696
648655
663722
726947
624974
499479
672002
375006
128570
44531
101873
13257
421369
468090
719203
870386
13308
253222
80552
297756
922344
233043
995193
499704
707211
52504
143457
620640
796882
38010
240420
128419
483210
975351
544815
223516
332149
197412
813499
91272
968640
671777
290170
796707
690520
286805
68647
255181
843707
413586
372534
989418
954549
474099
971396
889267
478652
503916
452991
194025
84424
426490
705630
389968
299936
47656
118102
526920
655248
911614
511758
439971
176958
200961
143656
323295
80926
252910
412481
468673
99526
343414
634750
442578
342345
73207
711221
804511
489451
35481
921333
308281
822794
704241
226831
464768
87840
620001
841072
582030
657778
232567
565751
64764
500896
447200
632803
919449
115439
381222
184046
9722
228725
647715
649025
800020
378080
241286
632406
15319
799176
559996
710310
643676
311110
303728
251309
272118
358248
206812
747896
580097
249767
591648
954899
97988
705612
623603
177130
667093
542389
447689
874590
947486
254050
552098
251465
191329
559088
525741
736553
613017
46673
249831
885512
67751
328178
794381
373425
600896
128186
574778
588745
479869
732053
611274
752964
330689
340639
560377
915297
362967
698189
5013
286688
539997
875811
497279
333072
857999
228762
362141
868180
503488
121961
933746
461845
363634
440850
566997
753015
628094
648430
304708
863371
339341
90497
660308
614727
459827
869427
314452
220017
983076
175456
147267
411709
601628
654163
988139
441792
481816
636683
474337
683207
682479
167788
386314
382967
856250
549944
437245
355362
970369
620566
645380
802818
518749
206258
608435
877279
349346
965133
685520
130256
214165
654817
708123
918566
159144
159175
874433
640295
596484
765002
562336
411059
702003
873360
79113
684395
218948
305376
989717
309795
514887
343212
504912
739418
932963
74055
169618
353968
419382
927831
328863
430446
578931
971827
681087
224615
550627
107049
775305
368131
162523
608587
222182
592583
971477
988675
290706
810606
581470
724559
729051
594850
11504
118090
475037
93380
218397
760048
825093
639473
537037
196925
663669
661753
870588
465810
200619
730655
904957
341835
482804
521245
238604
387260
603801
225314
349927
407608
535392
228387
28217
391775
756869
643758
505374
530439
311537
570712
408070
959016
122008
738761
460624
623408
727093
228714
466660
694428
738637
356024
161254
737095
256166
965827
176000
922267
836286
415382
164069
846636
131184
139474
446565
219776
2535
377854
567750
701034
589349
235792
554490
421893
860873
191051
390822
327172
477541
573623
99999
86536
600116
629296
184195
972487
136468
250555
378918
264938
50609
941563
721646
185513
200132
771999
519257
386988
219008
825221
172315
611895
600873
407695
218103
357640
757286
487288
887123
604950
168865
285388
288020
47917
426617
910091
935404
156892
658650
635122
906873
285582
858610
519128
497368
761304
151946
391411
482222
543211
780089
772036
59505
161429
497393
239571
488864
843870
940167
587798
743038
751335
352558
382565
521296
68513
235935
901687
68516
172203
709788
719612
627875
217177
508993
942770
697450
858931
525959
667084
898776
904348
622459
285860
3414
569667
860662
615053
532034
163781
224885
714848
15197
882333
802111
936027
400894
809368
350411
179129
9350
498177
593592
830877
999250
164657
912205
954516
666927
939984
656746
516943
520926
639842
114347
522277
664882
67184
808364
669079
479610
631510
132657
436772
277904
508729
841319
197400
992592
21302
150899
57305
713202
761717
717275
544579
214439
532996
302609
277328
304550
488228
605968
376950
740673
619399
812010
73436
132333
830434
416749
815259
10109
751839
931625
463348
657857
150177
184808
30711
418306
982379
137472
411656
692807
528232
775510
553989
503093
936841
312472
504979
548413
705797
756149
293335
419748
14454
579961
396419
817950
413833
880152
364839
735054
874905
498604
211868
675485
291946
628382
914192
676790
150558
481562
732460
775679
967913
64978
102259
638791
438541
992724
185034
460066
281982
574031
352647
44192
595959
133949
911215
596560
62370
277686
55602
596285
206847
125453
221207
377647
99113
855529
251837
348773
144382
882487
897162
953682
311417
359152
233982
686897
651950
695840
635269
745977
336475
18042
10200
226762
32052
772240
639082
213525
840725
273969
871425
683193
711224
577164
189380
521961
372507
573977
799801
492893
293272
536631
250661
90791
551036
623922
607845
814814
256395
936150
87863
642475
744793
312594
146549
989008
311654
632605
933960
543210
844820
434698
165793
79149
463252
837054
763147
301964
949888
462760
454595
345040
409010
244342
996179
183937
143968
66049
970717
429517
432469
50466
836752
918097
636448
940235
660059
15544
866548
646906
929337
492641
771536
897833
487867
808928
172611
882477
885851
525283
274174
603692
435934
384400
273024
60
804690
60427
453098
134598
919439
765171
534353
527215
931433
220582
751717
461222
913657
510283
964363
102299
72428
332744
443122
945576
406198
228250
733817
178827
262511
339629
501712
299615
318442
259505
292752
102890
541121
694275
736445
176460
912565
119868
228520
947757
826107
358560
327773
337121
638163
698753
96188
27420
782693
673414
564017
227176
742075
577027
433174
716983
536919
312989
795119
770777
478375
981759
585063
749590
95932
745763
353723
643725
954314
942148
935789
150899
214763
474730
270334
812769
94005
955023
356369
491100
373556
96550
960003
667463
743852
24200
46980
665819
610334
358108
719095
925889
55515
36058
555107
720439
830817
88415
370917
560167
379484
890586
397535
249697
975488
834506
814422
311437
660966
59652
502981
553891
120452
32804
366569
353862
685884
714658
173705
640660
485310
283330
737166
838985
741950
241284
104267
243121
92346
779294
22932
417765
226437
395208
733889
102448
520042
16963
391037
634921
549249
192826
60442
957040
795121
375577
779823
86052
3315
73368
644347
646560
300949
414643
334071
992189
78689
613716
24648
971787
146166
659237
518936
186755
93283
294556
35997
252018
874233
56379
516088
648885
19260
332869
908820
557796
175501
428823
398701
978942
554865
211444
877267
706435
493886
363693
995475
592174
279178
230559
765895
312323
859881
7120
584123
676236
44614
487296
704838
822061
981612
95224
218925
546142
295639
159261
641438
612768
348434
588205
234590
726002
888941
985370
251776
381699
124934
589502
455677
612725
329523
495692
766367
477867
753322
348206
492809
737683
435060
156601
493011
239371
816432
498905
360373
623020
184513
517218
338374
737008
12848
364141
779614
170917
587398
148703
440007
250308
679363
267484
162585
200833
287865
515637
69504
322127
609457
977739
618323
607936
633808
900505
867990
891530
563352
938602
150380
990365
865129
507162
140351
712114
833770
559099
634393
725182
599549
493815
404337
858169
600923
830194
346333
976419
45986
893361
804201
890502
374122
486567
698914
204399
732877
942326
980672
767810
94201
144934
838287
763727
51619
731303
935257
548727
348057
860390
414814
424177
512628
730969
233692
576066
203397
61314
226537
242125
258727
368444
636184
468082
271175
836024
351140
956003
723104
971722
270522
528199
775877
944525
184087
414953
63486
801078
226061
125517
29285
418376
198627
604443
177228
401057
503194
834391
221079
751644
283801
149233
983396
651946
551680
466287
642651
939467
920538
480583
712387
995813
31214
421668
635205
551854
727926
471858
273877
575263
634443
750884
434712
861007
705397
289559
725317
139018
238701
695621
978705
45400
774191
659220
314278
405980
501835
774637
624602
980083
118418
814104
373481
769065
470640
781542
889472
263369
591130
705121
608473
475742
246524
67602
225183
13139
913691
411096
451203
522194
912988
439969
583137
59503
231835
503611
171270
159021
562228
631212
968653
522474
446369
951610
68046
277282
935871
228069
62373
901229
326843
550908
905813
388163
260317
712368
545290
903793
672311
472247
747997
293745
354501
854692
599176
358729
429824
131882
564616
425442
570546
86184
633918
973619
420894
792039
976108
857127
287567
701648
837305
592896
679298
920164
667138
759687
792128
446039
898640
38364
6957
471264
571358
921083
586098
879417
880484
992787
146284
622730
837807
860534
212186
854771
836094
643056
701893
968653
202498
535367
984252
431187
144049
358496
366137
533947
617873
303377
861407
503462
865362
115109
47077
755829
759011
241938
750517
417527
243674
999687
353609
599967
725369
934190
894313
233067
696074
148345
543708
653556
263543
829656
503228
490825
390549
990571
313855
610273
721350
638618
773044
151975
954665
76521
633191
86426
758090
83725
949879
98068
574521
786004
912389
936547
17671
504727
921002
160754
914890
593690
310887
839557
120123
933095
269279
833952
728371
954211
399544
11812
690516
458292
115982
97314
891888
355337
380175
786823
19889
575028
968090
451353
471392
570735
515373
849741
718857
497531
457954
541325
521244
826535
138883
48033
689721
54089
225123
894854
360245
87902
679997
819343
730269
645722
105295
797387
175993
660338
625205
790845
191436
747069
516966
406373
333791
598881
910018
723840
547194
85461
624702
545383
7937
394899
466086
897917
786084
986763
279090
331991
48659
488944
239322
403117
137492
874753
422734
342933
871989
502489
849821
917127
207161
741287
320001
308000
814594
357856
476109
186735
872135
262239
274610
458376
78865
536325
356816
771166
585916
386293
127190
597665
13986
673999
568711
460040
710234
881079
195982
564588
859035
482025
553799
396200
442244
638307
433371
713622
109685
837169
109681
355
322134
38355
765699
827584
34652
689265
958802
646372
112885
368509
266793
401340
949002
184857
767050
548154
667647
144272
989196
328912
275020
390086
436452
345944
343415
403767
228915
305884
846990
15711
355391
698342
596568
526958
248615
842300
358558
861837
799168
570462
830653
222177
784808
905043
902056
822455
808741
752812
933248
493603
44645
853000
963945
433322
293378
97135
383166
579767
772606
838954
312454
584228
730892
862725
999357
588622
130142
980174
828428
383692
990789
83866
283095
145177
459434
482666
939540
808079
535662
209657
530405
784482
446544
193179
452920
702988
634021
295822
688911
44462
197606
750441
556121
72720
243434
42712
352864
179651
851128
308990
727434
809050
444068
579811
224963
717139
960292
943954
422186
91270
869560
863381
35196
661485
913696
339337
854500
628922
425557
704600
5145
282929
256827
259629
725918
526974
318356
841307
902754
983663
562971
281978
48885
391523
92921
873329
590479
357607
508472
350283
446922
279842
521745
747689
262278
462366
453655
744664
178227
244498
393089
187126
459762
964441
254650
691514
577280
294886
203425
643325
894286
457125
280625
770210
340857
806915
603248
675678
185550
274895
747639
110980
251237
514185
162522
31440
424510
389055
317645
561800
129581
63987
53042
248768
49167
228236
554452
307171
624901
308128
379516
704351
842716
432373
343766
324175
696853
217293
398208
117232
430178
942132
163326
332146
48814
886657
631996
266635
305438
162595
865910
739840
984113
223068
125447
853738
761477
891525
217967
410145
968049
422033
304295
795078
945680
886682
21508
483527
369226
174736
780136
316801
275920
762914
653080
347266
358418
114516
109465
264143
658224
131915
358129
119771
21762
439510
782123
209865
861227
197919
661785
582655
303163
391341
341868
360495
772747
95582
239876
463829
441853
731895
608751
197140
975801
913235
943036
586333
56072
57091
743299
718478
328595
774227
862134
722746
651617
763107
569491
23796
772211
374388
779019
714412
815182
662436
612824
530474
191908
933100
848066
456992
37884
26474
329989
947365
632384
824282
519370
208413
140336
528840
818953
961861
134374
878589
464834
356423
411104
842692
721603
808487
440401
104478
171573
870075
398245
992597
916778
7319
208909
894585
506025
820244
331788
555735
808921
176337
251039
457105
269644
667002
154475
170337
539585
931867
680237
849670
533732
535566
359761
451956
343147
887520
761607
633521
890051
90672
90241
643824
457116
614470
281188
148996
200596
435561
273079
540716
440670
281889
800524
573970
708103
910288
758520
544994
74306
457406
467775
436659
220097
265870
219040
879499
367028
898914
982178
689737
388987
953802
271025
715560
842112
183516
450695
582577
968143
180342
724261
127491
367733
993568
834641
265584
169710
356403
135340
299164
253946
681206
54209
2962
706729
558205
177871
128159
170004
83384
130124
368206
80498
485308
860837
83783
668354
168898
319447
393224
881532
402616
934669
629402
78880
184286
401416
438173
560174
162420
716540
101942
444981
96083
828442
491817
943945
559648
303124
602361
860814
935738
46730
803035
493511
871143
509212
341059
324930
210548
253159
605803
449151
342645
717050
652605
737464
940591
836813
800579
388808
455527
949193
358459
441086
676682
190625
444753
503020
890498
14166
632881
699453
959416
846638
980962
465005
600546
441433
106006
489802
226155
320563
22955
981885
271083
3453
345642
781816
838597
921279
435041
415243
357468
900143
404205
574585
741579
664618
125996
502427
401148
358234
68803
177440
376110
748687
840789
890026
641873
18570
103205
969101
54740
471345
534254
845848
165442
231556
671462
347859
321398
958316
922178
404573
576150
580896
666237
534732
575603
131634
645996
722950
958221
994087
965051
323226
989951
230240
107815
47553
277335
834398
925638
766157
225376
867697
959434
49866
347489
504019
202179
415137
702279
740118
443745
507967
725622
703381
299264
775560
269387
145301
581569
908485
369687
531822
799033
799956
876613
239055
859850
904149
756169
944689
41417
866210
165028
916412
237199
452901
759599
507687
530877
875823
583344
904555
464006
918297
587238
567689
951041
670239
403588
551325
602003
865170
783539
117539
268141
446151
80815
491367
32674
942295
178092
892630
184356
891367
782234
232893
653551
125071
440361
547008
436924
155498
933484
949456
799351
686876
119254
369561
602593
753553
45179
776608
878641
645110
662088
514356
305190
780014
347054
546724
625781
459985
462608
530644
930072
740710
885119
748968
517564
381452
184962
568523
896092
365093
52952
70598
208478
700226
165491
106078
201376
381698
355268
649000
709230
829649
895790
617350
127639
95196
893090
782039
227836
579159
979563
249487
388326
603858
991828
640009
995231
222351
268501
907889
554032
45633
814008
277865
36125
93800
306535
92848
366589
150837
208077
654118
265656
395964
360401
168328
340260
499547
244774
771598
481782
422040
546652
11083
536144
677358
137948
117873
669639
517147
597187
528921
615092
358469
575759
939850
939133
942789
539646
827811
975782
108722
12039
512487
870651
854633
625425
387169
995217
160595
819889
425596
276363
345058
896086
858934
577675
606162
775162
379569
569306
725523
264252
609712
508995
330682
427938
325255
864222
619641
298722
621243
44714
510864
901544
832486
438211
450346
703424
270925
546790
584335
10337
668135
84289
363691
38499
822142
674867
275526
189214
389346
203886
905719
963045
946208
118679
937450
48800
357499
372973
604934
305492
580656
551234
656392
881756
578615
774915
178410
376321
538726
895993
385253
228012
437954
469273
170790
377103
633114
968319
689420
879519
537922
57273
599486
695945
297103
430809
102765
919993
281983
574279
29246
197714
77945
46461
431447
594535
420681
588893
156381
661743
967139
206462
476627
663845
188703
464875
560061
988883
448361
999670
248293
876167
481514
515903
158258
907018
129547
912687
422372
914735
878837
472116
210097
500308
300679
764909
794293
554197
219804
831198
582768
250206
934698
666767
13807
293445
305415
377747
616129
688896
168745
919272
791030
872628
328424
270330
24110
639817
252551
940966
165774
352599
908790
909474
594529
467016
971091
579483
426490
346304
229445
106845
480357
141985
569808
981756
507627
643065
111690
89491
958618
669426
928307
335743
114013
800206
211060
684281
765254
740865
381527
95378
800060
659985
626500
147128
422561
419211
15127
513398
647184
555585
53955
748643
927596
777252
724112
394128
527884
521722
242324
38944
504924
745311
350741
977995
994389
391825
287109
455709
810161
347710
569854
939924
930239
626999
445293
524608
46341
775084
59168
933437
14641
965808
346125
14229
911073
218105
615978
448553
944990
875438
735439
246522
441848
197133
674851
555470
476983
665657
246180
62133
195620
529409
385866
57109
419589
153550
55555
496718
990093
751608
663131
269032
110620
502868
211554
587247
951831
373892
759625
651242
607629
437766
839323
770512
626235
55168
602640
661964
832798
654690
701385
874011
643220
857713
422600
903811
977459
229308
466205
439478
675007
144056
750050
889732
903874
973121
143572
893144
291507
825003
126028
959845
54192
81315
869079
149731
214081
653017
705523
254611
236322
438929
887741
943523
393844
400881
902207
787441
385978
620609
21077
371286
980516
553048
144380
631629
94729
589841
710044
850792
905777
1711
811357
683046
970688
981941
521056
469238
577675
620891
756168
525495
248808
639874
475138
556102
150791
386789
847279
371174
34173
309868
460412
837395
650733
313014
437313
104194
155034
884285
99050
590877
320188
930949
297163
290226
387133
714611
968090
309210
1120
824967
461717
553790
331130
251944
558329
672096
823710
550169
399390
195461
232199
616303
915840
861785
291356
136598
294527
219332
11817
389151
930064
858193
452657
228392
621600
705328
315753
980446
810198
409067
32685
285175
884005
708136
835373
401129
682575
468107
285162
270013
566275
742136
904408
621171
410280
405068
872820
435746
575983
603699
123814
975427
686646
368525
543868
582779
269712
227371
46153
642777
751555
886796
428161
376333
430904
780519
331254
976333
766333
98950
836584
83884
891220
278542
112758
108534
44802
239698
27632
423771
178855
32738
786912
850213
72567
848030
534400
570288
256418
206645
739704
460934
122355
374906
491253
305016
278698
380117
95912
654986
362447
190405
883139
49881
644237
467579
739556
932942
935735
655134
430263
804302
459179
808386
644129
637730
354242
317483
752190
565869
755895
694562
12077
673352
658740
825699
6864
597781
212206
960139
897069
68586
790629
434334
255059
744042
133716
610923
683982
429120
479612
536636
694253
261228
406647
2095
222608
495992
978883
865258
899019
831272
853716
899115
57964
875563
912981
362131
612742
788608
544530
502295
10113
523313
61439
10116
687950
858488
222245
975139
124961
231258
386754
332412
596432
152431
738067
167893
547027
99583
66727
652554
344163
770871
374801
594446
969042
775406
519762
445084
211228
559745
15319
264433
372751
874173
332627
318833
202486
262878
378186
989666
760449
325230
550751
656600
851866
137753
918833
524874
666125
535871
290920
43512
362462
804284
325014
47991
214395
322613
148089
110467
226592
101180
970975
58612
325006
620837
440032
118379
187227
406194
479769
1042
629158
973902
874330
489298
644491
118138
995747
691309
280848
85560
522918
212094
702664
370830
199043
650371
328469
657530
505643
769049
173028
920960
13730
314143
450013
553066
445034
907792
810862
970348
519299
947845
259275
231657
194983
604758
590819
474932
353546
416775
22972
719537
257241
823862
541371
606101
551667
311670
659766
110283
77464
684958
850130
342073
907932
225215
700982
942742
235414
594112
483072
789899
607179
133576
981053
223307
215820
264953
792937
821385
917120
301150
934983
798120
607100
395794
456817
7868
505205
527205
7422
285787
455985
841659
539625
895075
705423
177349
258298
707635
126914
484730
927591
247858
753674
798910
273514
426003
719267
416968
908698
496896
291807
562536
795171
247235
538326
716679
260971
874776
770975
498735
84508
984808
669487
75310
513430
759891
923127
771091
457349
40292
784781
822642
233739
223651
326338
988925
43434
5471
190739
903709
742926
87014
372041
616448
647556
320217
398157
123405
80035
277097
576831
599719
367946
252464
38377
42080
56881
530192
705860
629163
761760
301645
448072
390138
785607
482215
778602
576783
781031
298271
23493
720291
961628
793442
700805
206775
595686
371391
256793
240699
286118
996885
149345
923343
33759
560267
751618
629950
819923
517527
673511
597099
545694
333024
87786
841221
700965
580936
481278
443581
478762
758218
808926
158061
912506
969238
283841
125872
108657
336497
250096
749860
386778
302791
266308
761094
247197
603031
945447
412356
667340
465173
253409
344519
274045
723324
255327
211087
892189
545795
664852
585955
504555
331683
30992
360431
174656
844874
104396
164704
824551
944941
872427
719149
257827
211217
987986
207119
727982
382910
262242
834677
413300
810316
211225
367883
287296
841517
420118
438895
917191
44436
920925
379621
742457
45019
10749
540327
700119
91408
989114
713874
549239
36811
6392
371446
378295
203433
275241
861886
572793
618969
814711
355097
171902
381487
45517
746572
914633
896757
854569
646502
31204
791033
69176
367889
764787
14403
954056
474752
171721
357549
336643
756653
467337
698207
370538
408937
428027
180876
492781
22352
426138
12401
910820
422764
600075
812841
896047
846471
337734
410932
227601
342848
110254
395675
197313
115065
759274
585754
230746
969763
484020
79480
174022
348979
500042
340289
341775
619259
507861
951774
50429
476821
198742
631461
711479
133968
528514
102934
683950
574458
857828
364849
529930
295494
534993
85952
424949
173241
887270
425298
886290
924465
109326
373588
836737
697015
874948
133102
379127
15437
625623
610874
579853
742958
267109
885060
98863
442817
121934
137648
516915
319130
956822
128922
665365
714633
785121
731483
525197
575890
927738
627484
499935
388945
788081
831745
662749
984414
823928
91571
52589
467040
270336
984444
674717
764353
395020
725051
79493
783015
654448
866972
280325
65435
567613
238819
990350
943401
973752
286734
479925
467174
694654
475011
212934
931781
163065
638063
276754
58791
980566
82159
566562
450680
571993
990157
381963
813940
844162
972985
215852
361421
643602
785137
785810
201767
187995
368735
830765
778239
70368
956486
958849
217428
198736
400935
421432
935916
256901
147681
393429
929647
773658
616571
494212
159822
875031
87332
543413
904721
97413
820817
726450
62542
264944
752736
567449
642854
844672
65406
972375
465662
105462
634846
144787
662459
194493
970856
568740
457154
448661
87698
308211
563795
754120
658825
510897
192150
986017
895782
823566
822315
964652
819978
600540
865332
271198
617632
885382
949408
223437
569076
575478
318981
767443
743233
171684
801571
523288
760206
550716
43727
348032
440275
124216
325982
456368
728837
945890
318901
73580
829371
567047
580019
138642
824362
706969
938320
507614
644317
111399
947171
783973
796076
548299
379076
890518
635297
578416
834478
44742
413021
614661
831041
842890
790844
379675
255696
836697
390435
95199
242608
508004
923523
468948
764567
107716
782
61854
511142
961636
291441
269566
711830
736442
643842
501593
68209
732925
133530
928425
503733
273618
656967
621903
181481
58180
159384
870439
284337
820616
833483
878581
241818
8625
467328
645765
175990
237584
295508
248729
149693
589694
736176
693008
920518
269840
43218
237670
205831
383603
409307
993939
10964
710361
566785
909432
431825
100732
337710
790965
16600
418439
803377
994204
888340
746900
332043
450151
956441
59867
223354
766987
123437
869470
825721
4140
718487
473619
124623
425640
858534
540970
922286
792931
989349
639380
871727
3203
167745
20746
138067
178865
279748
168013
595761
172076
325771
608932
109481
330983
127713
313981
349665
982096
324203
790024
652649
484638
907863
834504
848091
323381
334393
940676
569425
123501
824523
193372
13918
14817
869151
990695
843872
385584
605971
58957
315496
99177
268158
456485
256963
171297
713995
65389
189972
194752
467344
283777
863131
977874
840126
46837
380023
537604
198785
955411
930379
395314
988149
915622
288480
749031
269415
539593
88614
126972
833406
383930
966573
545806
379823
925968
919982
489893
168576
110360
770431
990394
250078
552717
717547
96345
547638
586828
718653
714494
607612
552734
561512
203804
96741
380204
413485
846542
620804
265711
133996
424667
43578
687793
885109
105767
369174
734259
939343
643488
267146
374620
254568
362312
442919
662205
653683
124400
390820
512676
484012
877908
68486
791822
702029
628886
319471
885851
527368
884546
797715
744099
522499
114756
994167
297112
460184
1663
395265
831491
466779
343700
248109
162710
455599
413958
4914
100711
645285
622769
763915
430854
174495
567779
596997
958852
375960
20979
708886
795389
725638
320910
570662
215497
997356
476856
158096
281678
296956
149638
437674
438713
418048
580002
233600
517710
593213
735576
617790
76738
577060
584300
662489
417232
863783
23990
233394
401499
159355
181847
2184
221509
463879
947449
351541
521287
730543
756846
972042
176371
221731
725103
477539
869572
963970
444966
609308
665748
765519
636451
710953
702524
487304
285000
805006
169173
796793
87873
309886
257216
948758
300546
512622
389661
146698
250775
877501
495104
992448
804098
98566
147740
993809
158213
966386
51368
463335
415158
782921
296630
196998
755738
348441
359672
361301
551342
156708
332592
739203
109884
662770
391012
537261
23088
239979
991691
174043
951623
480186
680148
100083
123837
213394
511140
106720
774201
993031
540444
96726
672280
801164
280867
7627
970403
27336
662930
868935
118702
420620
470255
391735
688094
230854
774308
603528
862878
344506
593570
307619
656216
781678
65530
802504
460397
442206
60010
20218
899236
840501
428397
133416
84490
675680
545337
58863
524382
389030
654359
620988
447260
284800
127826
627900
176481
912359
904294
370138
978067
361814
519555
317266
727257
343606
803220
458645
442845
544944
475096
804982
82386
233044
169654
494166
295000
35509
933873
629245
870514
97417
793964
81755
274312
742429
702878
10779
274806
484698
62217
256949
555572
289914
223095
512327
364693
720913
826590
438449
612664
635819
573638
298761
446945
32213
431381
442384
432084
163479
995838
995035
595035
556884
506576
927170
669625
408336
134256
952861
365989
184769
451215
521600
63200
662758
533767
114815
222841
958859
57366
596514
213004
364024
345533
411807
235274
345436
486474
772160
229619
451650
503773
415555
735981
364996
680063
15293
797807
677462
832655
720207
229224
593354
656574
226896
152056
244622
134188
468289
565875
278009
898511
269294
679369
912949
273512
301104
456820
876316
701669
619023
461384
879561
756110
253102
285270
704845
734072
305146
128051
929
809763
302581
609073
181250
186818
502757
434198
514822
689591
76535
214619
779900
27004
84455
219437
245533
730637
1439
858661
792537
203836
842982
307261
522038
660549
543969
401904
390491
870674
524634
372290
674073
204927
942199
976688
461453
180107
622918
421643
467159
853649
538545
558678
841153
472472
721426
232784
193876
347605
27937
127355
50894
337846
677024
596245
511805
75930
250941
314019
130276
817779
828131
240840
483906
110917
968328
201784
77610
873008
900906
645984
668258
667832
421981
817324
449468
823696
726909
67292
970487
620101
885745
567904
853086
653028
308759
311377
495860
300290
86854
257117
284926
805290
857982
799238
922181
502184
419268
101403
960393
80201
346766
893643
917153
813714
381573
318406
281748
521931
889394
105934
499236
726284
954858
51398
227830
660256
141081
302902
221232
862197
732672
756028
145878
848670
573266
374897
761707
123867
182934
33776
410174
67594
196015
629509
539717
834422
300787
823783
105350
813398
430098
370402
456052
90942
987304
416766
739710
46558
586280
573295
841734
280181
55991
278164
618142
932643
185241
689817
826801
568825
829978
888345
194679
804758
275101
154796
659218
979782
250690
800973
684788
280549
804209
83363
466411
713940
795715
868209
295982
789554
283119
491855
700768
732780
529847
499104
159635
569998
487232
897181
749430
462649
562819
828293
540438
330178
254244
653466
58520
738290
325819
969594
758445
566801
889264
408489
766903
423001
955607
642526
994692
662119
114707
534542
605845
750928
477648
728560
677202
99963
329605
215421
775663
906453
864623
511768
853198
784167
270896
915259
193853
992281
174584
345619
410390
265186
231211
194281
72489
144360
526866
431175
645649
812816
865243
617165
246485
322430
40617
6945
417554
36284
235239
800169
269905
71917
482945
193248
542198
881840
895014
155117
435537
397396
247146
28989
19347
107976
87930
401769
973869
842645
214137
101129
104449
633801
85417
171201
238111
185047
315974
433653
123595
193273
84647
855168
324402
11724
299168
845590
896547
569132
568945
425867
750972
424239
389529
3271
791789
17057
79369
974602
417280
954211
862674
501254
152687
826975
550518
921518
915971
530110
909890
258612
195907
186367
258546
970262
338434
362938
947685
86086
102297
67565
421580
182272
583337
240164
276901
383213
873851
448865
943293
498398
45129
606051
477813
609124
603823
896411
142457
911648
838995
911929
73303
675362
746505
942488
260109
268965
901236
214050
337111
890866
524892
913692
198892
528483
626206
612284
389094
31765
460248
834601
908227
709722
737151
302371
325943
103480
557850
935852
26157
612761
688029
356137
166494
806253
637135
79650
121310
792730
373541
307607
953911
887466
454020
229512
764580
531754
788699
591021
127246
691046
117143
360339
143477
956670
366572
978431
635787
651819
564246
438116
125949
174350
283027
280320
91966
40247
645903
850172
878050
790025
190783
317157
925939
450244
101956
184113
293182
715195
968664
14079
561761
527968
747540
389068
960887
245286
893090
523309
127805
663087
528494
65246
751279
332335
286964
318088
233976
379456
322060
45185
706339
715543
817880
560664
357235
298089
504152
451315
842157
920083
981836
10391
580249
295419
646840
819802
224183
565387
406373
76545
105030
218040
102674
643263
651504
798973
14474
755101
552920
154113
539
411432
496095
138898
328886
255890
89599
707062
159163
238555
992859
323189
912150
328779
694548
274147
869982
999319
265845
714542
897102
715490
920850
189476
492605
443088
629310
767193
304225
50621
170467
967150
389374
304745
836679
794839
248777
403439
596673
991951
54550
644253
980252
767917
734450
379847
114106
457299
920129
836382
904485
26178
650462
350234
945383
4640
593874
788186
626594
732965
4822
446672
199643
506418
469931
941994
425435
440423
407353
145399
371075
323666
646344
359618
975818
312471
340127
953514
330500
375632
215329
369550
305079
250291
779146
904854
926845
890879
239927
888627
923258
757363
183359
369325
731044
547406
897053
500056
801266
10265
330556
745568
131897
100971
684388
697563
867176
179440
492313
84886
789718
278984
268471
301687
969257
387910
960734
798139
59611
870976
981505
482363
97439
911783
704073
157366
85756
22948
351820
169088
486170
36885
63249
192715
527702
207038
170917
131810
379401
807148
147265
947962
774583
939528
795058
57150
361328
26995
197530
673929
457038
953098
208153
611004
724233
984448
876298
75615
475293
870200
470206
510996
621946
148287
412353
927080
324839
300450
356217
881650
109717
907219
681828
15486
819926
912670
139549
446482
509216
205621
468178
212831
643367
739931
716822
961040
85813
812017
525656
417754
829902
356655
631111
200590
400530
423466
679731
187855
931180
450791
915846
775812
287667
432755
363768
883350
310612
942909
787243
252540
244803
442859
268903
843522
622203
990953
364
817300
563078
131922
114837
693835
583152
908391
76670
662237
512724
322518
815691
816994
515704
739858
883020
482319
237565
997937
420816
320860
946967
688306
757163
901836
198086
885916
745936
174607
202209
347570
294461
916359
946304
211665
265250
948369
195102
529986
259448
372532
390992
356605
222393
722272
557589
158578
361520
944749
186640
446665
484072
541897
428216
704994
160165
856436
350888
965259
411558
107005
150855
669247
403222
382304
583239
659025
179677
944046
993605
155648
324630
102793
903786
516890
408017
24171
435402
544537
442448
364377
80409
674818
31267
969100
226427
790847
510856
948581
107431
255320
309591
135614
773249
475442
731241
792371
127389
925096
968395
85019
303526
387073
27435
792306
150918
20118
11217
368759
110248
16496
480785
550184
974873
644648
23869
408183
771208
716828
276408
109777
881786
930732
850254
14243
755177
470864
897655
117264
894685
717703
618160
770010
368016
761150
549004
545923
636126
105463
89358
704274
426761
591162
869003
8126
544747
884065
920885
353924
786028
844001
40736
891385
856468
597032
373018
72232
753649
132332
388721
800763
987528
265088
263196
89504
543586
65945
977723
443965
863660
862899
353538
786569
452367
217393
201107
893483
394458
15697
998484
987614
385513
886941
688454
475462
709918
505635
984000
251895
37303
214645
624173
695370
653256
487918
130123
854087
892544
613448
526078
463942
905922
834614
246232
362452
617476
918826
276831
807432
60189
903601
538127
774376
690557
143327
76384
109128
861696
512990
64926
304109
910788
300664
372101
325332
376875
72904
365039
200269
335531
49984
876757
652001
365041
830489
392225
99124
119600
58468
778327
331487
607067
35869
917181
538948
757555
359857
439532
192217
554380
897608
537871
84685
351992
731319
418838
762327
490590
566375
239094
351314
979491
656591
300022
666029
569720
994310
31148
846045
773158
349269
217023
637003
227983
593068
789579
695291
437392
2565
898374
841579
904110
157022
452727
288511
431747
410846
87714
656592
193615
761964
79875
339903
65020
661621
234370
503299
311024
963178
92865
443492
996237
853310
699027
641711
885064
25611
964843
848045
186571
911604
82182
196274
403669
261304
803902
28563
809136
376265
200454
2191
754156
415012
380245
729913
838545
588760
270860
499960
38515
665511
450962
68891
868648
673301
866183
427479
775604
865501
710830
259153
132771
724648
397623
797422
785280
889064
189663
707588
507892
211468
951531
618799
910168
947598
602676
670352
470313
867798
443909
995179
361556
746957
403280
448983
210184
865167
703450
707833
228652
298490
456502
434783
449952
832322
137493
74016
384351
157599
556571
958262
898054
315959
910498
545616
327279
572979
850696
515361
159261
531633
929338
73337
696853
364824
553409
997889
852116
199969
5189
976602
344745
146390
127939
241544
236919
856318
571561
608481
798255
541590
130803
111636
293561
718550
490455
723651
197665
797653
288813
344522
989013
598254
178218
