334493
767965
243212
956719
78735
250540
80168
79533
592738
71471
472412
485006
69240
847620
901627
952846
132365
680623
468415
167009
167086
831213
430445
919504
363659
800749
369866
961826
599725
761939
607946
404328
589854
634258
934273
683466
106628
321332
588208
602869
918824
674413
451151
120618
616848
396089
43717
873021
420729
937017
552164
384166
522347
993994
179934
871655
379894
336128
295225
645448
953677
510069
45656
301591
996553
22927
268762
164156
417967
587803
461861
408491
980288
672006
12517
354593
425715
291512
691213
71636
479726
8937
365513
76905
540719
30701
254862
217366
405731
67743
853196
374014
70085
527424
124305
825225
715174
405307
283129
842007
842751
219856
129622
739909
260375
976811
348094
955124
633674
488647
301821
752960
258624
309350
643772
574975
963311
466480
875390
428470
709374
347260
784866
667731
944985
313322
699896
914389
746706
394786
852194
973908
107290
123510
476610
332864
473301
477463
115983
234269
962307
487592
251744
402183
618492
387882
214141
621486
358171
134477
184531
233688
70572
655801
989792
788825
627883
681391
487707
450763
162472
526856
210247
336140
565620
153746
581509
900902
192909
772771
553497
606548
49849
591
618640
773212
52564
217207
344375
577173
350262
26406
382970
436441
371660
909290
586353
782022
877269
746260
402688
741250
535932
596395
104049
87944
68085
240902
872480
278912
954903
514069
411572
919578
669918
257021
111809
678893
392215
608943
109413
459130
625611
901659
722034
509575
779394
930321
426579
389165
877581
285959
553486
931873
364689
333226
236627
461584
143700
21647
678625
319418
699202
38377
10828
81082
941019
748593
521829
820690
210819
807622
920704
457016
69924
987660
57412
562456
509741
721242
808220
358231
908878
718711
237318
653181
664294
661975
869566
47622
304775
174567
273477
105610
856286
319260
711786
112417
9675
420108
863134
814537
892100
748498
873760
178175
998307
237422
646299
706990
223791
184264
713579
675505
987721
510815
793981
869500
234598
979774
610984
253726
749521
138465
116379
512585
271095
135653
836703
48471
572972
139392
926700
188820
318610
834104
649691
176831
421539
759822
977158
967973
935084
617741
93995
972774
669254
447945
692242
357867
714098
58865
848853
354879
608548
953888
471022
663890
862572
64126
611128
3893
987608
768190
184175
902628
278912
788090
166783
564062
618535
709086
754394
818339
554197
427527
905345
747102
641145
823361
714966
553432
769714
900213
798739
951129
294211
769656
971742
809717
715842
420346
220635
4049
393875
231265
494651
441816
272057
923239
691661
683398
287035
919952
338782
579418
326468
731861
137523
171447
623186
985381
955151
801887
538233
249621
130434
825959
803563
719885
21057
119697
96105
349355
355564
911339
104155
525954
352836
701163
794704
231478
348824
11482
234870
835952
353150
626094
796266
389911
94293
833165
794743
638014
295737
110120
452228
24681
345229
919433
547784
767172
713403
630719
445556
403030
196998
97182
43627
378436
31209
115783
756256
327566
851578
416039
693336
331905
425187
694688
664882
231979
770385
538128
172133
232046
804751
693791
653492
505931
263725
392025
113982
234910
952558
913932
482589
924749
966887
205764
109908
756429
809875
386958
974058
222132
410174
212026
956680
363765
881807
892858
442386
990219
402679
923258
266762
176485
410030
574269
229903
658419
159771
201276
512901
654198
800227
797362
170048
894355
438557
845061
182867
467276
900012
537272
221325
232146
613548
853412
734479
118174
473025
465406
873015
917826
527582
824380
908788
976910
891624
993574
315662
221637
278632
540342
162720
398455
634757
16451
358137
636618
425782
86331
380302
405478
153139
403457
839494
127362
184101
996481
289988
443170
254056
775536
708525
914465
675733
645104
802239
189775
246986
982346
942116
198117
284177
291133
717358
431407
349652
802859
399868
182083
679549
434704
604992
748680
410727
759479
710640
219153
463329
972405
861353
31930
981017
504308
290147
217827
930864
546005
135659
211082
845089
29695
165676
986631
57604
699698
560106
24746
529123
738661
962696
206380
791751
242184
383627
100505
982440
100284
875057
46090
599420
32126
632888
658729
428185
176145
167552
843138
604407
828398
591605
328464
135061
483871
378469
216962
711794
622341
26348
816433
557513
748568
172304
306171
226372
878585
638753
459907
639517
83428
409170
927199
285595
105656
656959
357273
101863
431644
799307
360309
739410
685904
942208
221889
269115
996837
885367
870644
205289
885765
445089
927088
950347
204697
96687
699649
854018
144090
958143
320625
671101
380577
358202
187982
34700
264780
773224
19205
455338
949698
276790
465206
686004
39046
38961
534138
93599
747837
312365
83376
980959
574220
768339
171457
198254
814917
449534
393792
867314
775759
451929
840301
205128
948506
718020
386196
781389
456274
267950
480786
254037
641732
539266
853409
602187
373237
311344
346595
618221
631405
331233
773654
639326
359522
311048
650513
594776
519027
387375
118011
352494
961107
832492
593088
320534
438683
4984
316588
992871
182209
470692
325194
673425
707748
115157
685253
647868
28342
191150
324293
541790
312649
911058
892198
750825
579226
599303
926422
667565
388148
731398
282893
416075
49526
941280
783080
861564
676208
318808
166080
276601
42484
590871
909632
446309
129073
360788
422394
998
766025
64985
191664
554555
462096
359843
621567
268053
766653
826331
470092
553210
812940
480369
788411
783446
231069
723046
11109
789754
640828
325647
135817
954143
902602
624413
8860
367957
511210
304834
36576
858869
34260
974410
351777
781365
983077
845422
563081
996637
422781
156371
403880
733344
831255
28502
474778
468823
138347
713882
382759
363293
638003
818697
171161
817596
76002
169223
160600
565096
840157
161344
807346
543668
514125
66447
894920
971074
470578
260994
373419
530290
664219
854538
316943
170217
231130
139170
18002
728310
319590
279579
260190
776920
688409
198841
173407
122066
893735
602489
501040
188368
161488
339538
29843
7049
294069
412188
9863
497628
724160
322186
206593
932300
99088
383011
514158
978038
272249
379885
259616
687226
81413
19366
230278
438246
360860
245255
30562
548998
876210
907049
507871
844404
506389
774569
749116
397888
37935
663973
650995
531938
117702
232110
758271
17433
939097
45769
706818
277649
788154
871255
602814
25852
569090
181984
782809
614803
704785
607081
89873
677151
306908
678419
250981
492031
834119
993196
1087
472874
121653
975407
224794
781755
389278
754849
216009
775816
548825
857064
594386
117715
292327
785376
695182
670263
688261
434737
800588
154606
981062
716554
880854
490094
507682
855542
153562
390139
754043
882368
709744
528033
113472
6341
331199
943391
229267
298500
904399
794845
366467
355796
96164
266264
71380
450398
12268
682759
937247
276038
543910
463774
360372
52783
692952
511269
14548
635859
759557
553307
122121
984355
953124
377189
154474
70534
78561
618745
856129
855162
788999
824586
640221
876340
773067
121292
187502
