73315
76963
46473
75744
9438
79640
49354
70699
99926
12787
94817
99490
34349
77281
61451
92606
32926
93571
41602
43016
45487
77666
66801
93772
50354
30636
71007
34831
83638
99428
24058
45241
97353
30450
73724
97479
87784
31263
80455
43752
89662
76090
66483
73385
40950
72206
97704
172
69930
16898
42693
85645
6881
51003
80429
60091
7970
40107
64241
59493
67582
29734
82455
44357
69031
51868
21451
20189
42290
93320
95115
5252
89958
20460
91393
50297
1980
87154
34853
19528
28085
73000
61016
59031
7881
37
55149
8800
64670
19256
66885
7061
1876
12250
46622
49400
52774
69627
57091
88843
78012
62159
78610
64500
59784
56674
71376
28381
7905
55333
31253
83338
64247
6392
94075
48910
88664
20714
61911
86212
39467
17672
28999
9805
39756
16866
84794
4654
18137
15301
7715
37545
40184
1139
67818
67723
10016
53663
23302
91402
75289
32802
97475
16801
19388
28764
64824
2143
84724
83720
34129
98831
96944
61941
43397
44640
63267
23135
83501
79573
44186
61510
45156
7747
97112
10969
2589
1378
57384
98473
14103
76816
37158
74650
71658
52484
20856
47928
43865
99179
80992
94712
39090
84724
80903
58349
52401
70392
27591
63255
91339
38367
42356
64815
10961
71278
33606
40247
11267
10676
31976
39272
29153
51323
27536
45586
11671
71986
88891
74802
29733
97346
23572
90988
6060
86300
40433
52796
616
72467
25142
64707
46028
71751
19037
4374
97583
48373
2079
66182
91347
39294
98195
77266
35262
5154
49673
28399
84744
11514
7228
3713
32002
71177
71388
97441
4918
55664
82931
41486
92018
69462
78188
69774
39549
49718
48229
97352
9648
75783
6416
97922
85608
14892
55806
32378
80103
95406
12110
19236
69982
73483
6125
86693
77319
21759
52395
19985
88810
24641
85528
76511
158
73621
49697
90858
99714
22075
99237
90334
8640
53567
4587
18641
17969
68531
15851
99995
12422
73535
87582
90824
19624
38171
23002
92630
66999
59675
65734
6413
71189
89823
6034
81564
61111
60252
90032
46700
29380
66001
29897
16186
11844
59839
36063
38194
18399
70164
46421
59980
72601
33192
78977
32292
33534
64324
33304
62715
81136
79727
77733
58221
74478
86561
41182
29323
33878
59972
14634
5324
48717
99931
81692
25168
43942
48906
3052
42430
60130
76790
21889
4816
96675
48959
2886
99271
59314
87750
67206
31673
65653
10039
94143
71332
64984
26755
58482
77744
82267
2290
28627
45022
95981
80016
38735
47083
79136
89013
58343
39273
8936
66190
95137
1616
8391
62002
64000
37732
45691
69991
23429
14059
57234
85084
21345
58583
97745
6628
31056
58816
54101
50118
78790
55001
38558
99348
11863
84290
794
33336
99286
37730
24323
58751
33144
25685
97291
19471
28950
63021
69245
70319
17580
94210
90536
45234
15548
52959
97551
78507
7984
77231
31332
8935
86555
39831
67716
8287
68828
69451
7542
39215
13833
30170
41130
91057
15222
19230
56689
40012
66473
52651
83513
41017
96276
35177
96963
28393
21426
42397
59485
10537
27758
58201
11423
26334
71552
94881
57565
34529
45261
44989
52640
7636
23569
81710
51981
14804
14158
67071
64905
79724
13997
30012
13791
60480
20786
77047
19437
77133
71667
3869
8653
41101
34057
33624
81896
53162
87144
78967
94948
96811
62616
54051
46342
83207
54831
24412
27611
30268
38931
52144
62965
21437
80715
45007
8255
81343
47591
90369
52191
66160
47801
53417
60450
16414
86873
4481
55258
79848
32828
22357
59736
20374
12420
65364
91665
71929
3473
82238
95293
86201
82113
14238
17959
63539
64873
83836
65654
81938
49319
2912
17139
83383
30936
71676
2791
19467
10050
66991
46157
18700
30090
43475
59958
18412
48370
5319
17819
25539
49999
67985
4293
70400
22342
60392
48356
90901
50501
43018
53611
49422
46424
93352
28677
36365
24608
78750
81251
83304
18601
78685
74043
81742
63759
86503
59272
41367
53509
12292
82188
64826
95928
28008
25725
96759
27517
67989
99278
90439
22397
78715
80137
46463
46194
12822
33506
49197
49630
27415
10211
17710
58053
36769
62647
39855
57369
26194
62433
76820
88781
99956
55788
56825
29084
89318
66392
36726
48207
36100
94957
2292
14647
55363
72495
6048
88357
11360
94294
25711
65427
7825
14405
20882
99043
20534
99260
44534
8566
53921
47472
92635
12914
26083
86539
56191
78946
40285
75970
64783
28173
86483
6294
7900
60996
37622
52003
86012
83528
60786
30644
18609
9227
265
48635
91302
75648
28163
90436
53816
53822
87168
58907
59573
39809
36029
70987
45921
47689
78461
46855
83781
70953
44737
14511
8982
16804
95024
86453
15280
38536
15482
65225
67302
60463
61309
91505
22607
83977
32103
48335
50107
83529
21812
74402
70433
61318
8956
94815
54447
41754
1663
42908
84671
8679
80043
55675
16699
58540
29956
52953
89851
69161
83466
86954
7209
79999
56827
62649
58416
29562
8090
22743
72512
83447
78257
71882
86945
27377
48686
83712
81424
82062
27227
65689
80305
77403
93807
50320
26669
90198
13696
90127
17044
31248
45465
76232
23904
43448
86428
29544
75193
9546
86585
41889
58300
49494
98436
90541
79656
88137
13017
8044
40045
47583
2887
30712
18403
19320
43009
50931
66642
44429
40833
80497
67278
85265
53971
11062
98322
73773
41331
90466
17216
1300
47538
67998
44548
71022
91656
35533
79896
76923
69441
71889
5600
84583
42124
96767
42041
29941
90721
42906
16228
12770
53279
26089
9152
65061
59403
59418
24975
39467
84044
22888
59573
54061
13508
79122
30771
90302
4041
49175
83800
39608
9267
80466
78559
74429
95763
7283
99869
92595
91806
3525
12235
25576
98982
75946
49049
79061
67683
90922
40097
50033
4665
23137
25476
61881
19167
51156
82583
8664
13860
26272
7437
95983
7241
97312
66903
57665
58486
93497
23516
63528
83148
94650
45507
26650
17993
12891
65066
44959
82140
10944
23975
68355
61363
33935
30570
93481
63118
3344
90925
11017
3794
50213
22100
43017
91423
12554
49405
57155
34740
91861
91534
78308
72118
54687
92491
5053
3408
51695
37371
78900
40389
60261
62352
29099
68675
2492
6749
49789
58304
14146
98145
86974
85551
409
63438
87236
78101
92124
14448
26981
75128
85684
68791
28820
40691
63822
65242
9728
65235
94788
97691
4033
21564
52341
404
48339
52482
16815
14569
51335
12270
62976
10764
78700
9500
80941
47616
73800
4908
61509
53670
16708
25513
27246
54565
35061
13489
93441
37314
71268
89614
30341
10162
70859
23003
55987
64645
92463
73719
44878
21963
87038
71878
47569
87726
10517
56408
54300
29635
33751
48482
33037
25612
87220
9845
85487
84310
37902
33215
92397
58022
51932
91786
91822
79444
54248
88073
47213
36300
95055
15107
74059
99281
73777
58796
61206
27728
53913
34530
21017
37293
77045
57069
27730
92785
79579
11537
44091
3034
461
2303
59746
78719
63768
68487
87366
97230
99518
15840
58184
24231
77153
56361
30711
73590
69050
80020
55548
32952
71484
73947
33652
21094
23838
33360
94585
98829
19862
12180
39032
21125
50744
62281
28472
88632
38424
3048
16941
70527
50791
95238
66437
38839
47304
15841
14961
10256
17179
21296
22556
8975
55724
96603
28827
26306
86455
52530
44164
56100
82318
26278
95676
98830
23446
38630
93257
31132
77281
30160
95905
67591
82900
62828
86689
51117
11887
16507
86762
26407
79891
58534
71317
91185
39709
18163
48206
51256
96283
18736
62196
66308
10696
16104
39874
37294
57411
25285
36232
24258
78686
38181
85725
76199
58532
23297
86057
96606
71900
84674
19161
22960
57873
61082
34529
47209
54778
10753
89341
74766
68532
21888
59375
12843
19874
91805
75021
62600
5787
98696
23156
22514
13842
24187
84970
94884
50892
15320
60490
5060
12803
87136
36610
21749
50580
34486
63872
13037
77575
44083
83872
6263
29309
39512
57380
47498
45365
12397
84830
25364
50406
59280
55271
23773
404
54562
5757
44031
88837
25781
37529
85341
90710
15752
1909
44446
35989
26338
8803
22674
63833
55013
39789
55588
98006
80375
3743
87873
44669
94734
7020
29007
99373
97268
12730
57022
32223
62693
68715
55022
49267
26705
13642
4434
56122
41903
89553
43576
47097
2284
60884
59955
74615
26113
66334
19240
92501
44327
93663
37419
86437
9183
40273
78496
100
63723
99515
46135
65641
95259
25468
73858
43507
64939
15658
21888
53760
82221
28096
44189
85306
53784
18755
85836
63258
10346
31575
70090
64591
87817
87378
22257
15313
75908
22086
67010
50690
85322
18372
84798
78239
83441
94475
50719
71769
73639
48217
36046
30301
47456
78037
82175
10420
69748
31963
95348
88992
20120
45790
28569
27
5522
86380
25097
68611
77039
76426
76973
32727
79967
31760
47501
51097
1427
99616
22862
90071
99643
41047
16834
52141
45612
5926
33541
19172
73164
37192
38064
9772
25463
85061
78943
70910
2857
55017
20154
1109
91116
37719
8106
79855
35822
51504
3685
33001
83426
45343
19318
55872
47918
52471
55260
57620
38313
14529
33359
85277
51330
77925
35671
32855
60249
7914
15441
35011
56281
72177
6353
51612
41377
62420
79499
26399
82824
59608
50141
4588
92142
96737
53232
54726
89217
85095
39040
31749
21947
93319
35684
24811
76107
35112
51521
89431
61530
12981
64353
66830
33889
45535
18460
38875
73831
97894
97705
33320
48335
79341
45471
76232
75363
4952
91568
3677
60647
64385
90927
52351
25081
39328
86259
9107
48180
37086
46401
19062
34602
53060
86774
89238
4715
11355
35972
92272
19892
88080
58673
53639
55712
71197
21256
34001
34405
65235
19498
49152
13706
32521
55206
35345
57441
11744
81533
36920
82500
2268
88847
85348
97143
12454
95022
97522
70276
99424
56712
38297
96298
45603
89142
60853
12802
41445
44288
7600
5449
14159
31317
85627
11185
34969
68039
74093
13032
47519
45955
40702
67317
52315
41356
73615
85494
74291
14063
2956
99226
30206
20058
72066
84039
33005
28754
34848
35910
56229
88679
42032
99873
3570
24042
55475
8978
17392
49219
53285
96825
12876
56608
19750
55510
43501
53579
93330
28426
23832
28310
14332
97847
25166
48694
13006
24262
35655
24375
48367
41003
72358
37940
90198
65835
35984
14192
62415
28725
45491
40116
99413
33982
2696
19012
9643
80029
12604
86867
62215
16864
85954
65166
28476
7514
2801
75438
90407
87237
98190
27938
65841
53696
12029
89664
27605
73635
98104
60021
32062
35596
89913
17866
76415
70689
34794
16461
88378
905
66952
74764
85569
44474
40720
19055
52766
84363
92830
43883
50855
16610
22300
47985
97415
92162
14320
37538
65570
83146
35542
5417
76177
32923
61682
32128
81670
49914
84864
30986
68676
36869
58023
11103
35241
96274
90141
21924
13933
57409
93852
96697
9745
52072
44075
184
41795
33263
81232
60429
34128
51181
72571
58580
28395
61031
11110
45714
40993
7003
52537
51699
96066
73823
79182
64467
4510
33423
40173
71139
74509
73241
68034
68661
50408
66574
52089
71985
90506
51644
39523
29417
24554
31030
90653
59753
59923
98253
89167
84038
225
66435
57854
22048
34446
40730
93047
87725
92182
96603
44842
77310
11474
81473
87735
47709
95162
83253
40095
74529
10644
27202
47318
17105
28651
43293
10927
20927
93206
69094
16456
44737
91870
95010
54886
40608
87600
88633
98914
47470
25149
73404
68973
9762
88764
32892
63941
64015
67995
46733
69352
19370
38162
27616
85189
68048
79123
44262
63850
6621
9128
5769
37346
8069
35895
43609
47103
38785
61268
41803
7917
63227
4648
79840
17747
58684
87237
30684
36478
53045
65739
81797
24755
37627
85206
41016
39232
35309
63537
91603
68395
8582
27141
37183
76598
9688
36524
81206
57638
70233
82267
51111
67084
76244
55964
95645
78073
76379
95453
6391
81180
43995
58566
85328
15378
57406
93119
19441
82829
7630
85622
87388
37983
62371
76010
26330
79876
70000
52016
84323
66721
16682
12122
22572
22951
51468
82968
34319
33191
31605
68155
14944
66561
83464
21770
47416
41685
65467
95761
89193
72177
24957
56790
34892
4777
19102
58544
27554
13284
67129
93511
15666
31389
74840
95277
23653
77948
9454
28170
57493
19880
39814
71447
47229
83975
29808
15101
91882
44052
38081
87227
29344
62539
78241
16961
66792
69426
63422
67978
1905
2581
3461
37410
94288
21044
28023
83082
79281
72790
99583
683
24031
4406
9155
49612
50528
91747
25941
93706
75475
55265
33338
93360
46169
74588
58062
27293
97903
1595
63325
5581
32766
4393
89856
15928
83743
34255
27072
56168
29642
98915
75852
29022
94584
50386
43771
9570
41856
46290
25403
74287
28664
70859
5079
55904
73814
43925
4461
43383
14595
8263
51743
77024
47467
80130
63792
49838
6985
93131
92044
57802
46871
77953
16834
87235
84661
59558
91025
45429
80739
6402
56500
11944
40336
26341
82996
94735
82348
44050
56251
72789
25846
68682
44372
15775
9912
71930
64210
79521
95286
64686
66433
81361
43782
41871
52646
90242
97486
89712
1575
55801
43879
83459
38399
64895
89588
64258
47685
16688
4514
69027
61557
50871
16950
7474
10707
28190
95127
10869
75312
96505
26961
83449
94596
66148
12768
65691
48216
43531
65333
86963
62480
97202
96719
24350
32659
93870
54177
37062
4142
38566
87400
99930
26416
63756
83639
5518
69809
27246
68178
45719
24197
38233
98848
69038
83033
80966
5945
34512
48543
37438
98116
22061
92823
22148
24367
64041
89940
26703
77074
93595
80920
18482
65974
73358
98837
60076
37575
44023
61876
5148
13571
96670
13287
15666
33385
70007
13439
47420
77096
6847
94907
51729
38740
89677
89248
95858
61479
19381
70477
13087
81075
47889
10527
67180
75127
97221
81796
16041
93945
49665
94039
42656
26635
55061
53773
75200
32400
99094
14823
49576
85190
41998
69494
95611
54337
78090
74957
21510
14142
24866
63927
94359
39758
26133
7574
1774
60214
31773
9539
6145
84032
10846
56825
95220
44155
80807
43433
24593
80244
44898
82853
41934
62197
99359
40577
39828
33124
32202
9361
78742
60417
97395
70186
70435
90745
37140
18290
98971
57071
94014
43735
24500
82200
27390
50578
4620
12725
67210
67497
9426
76142
97444
80448
63192
26833
71698
96436
79675
55613
3669
92468
23062
95365
95390
5628
41930
54865
51072
7800
58317
29470
40525
45277
34002
83133
80214
95711
196
90230
88742
18380
72584
59997
29272
22887
64251
6583
29067
7613
79510
49331
90516
43093
43868
73558
23708
97671
64643
27779
67724
26443
35955
15905
13918
26818
63834
18262
9394
92114
78703
82135
29622
41873
81945
41134
41599
77083
99673
8569
90571
7310
53143
6074
42277
19366
47732
36483
3576
69051
79127
78729
33702
17714
48860
63132
70306
19099
64077
10480
93329
56239
21518
52943
2673
72712
26601
23291
33695
26272
50567
97020
78167
66462
85061
11206
46846
25659
84429
22944
10981
9180
824
11737
86753
55180
99334
53625
96399
80795
82933
83102
4394
10030
78359
7837
11551
8015
41470
29142
86600
38360
48176
408
94804
93057
85549
26547
48305
70767
26711
13735
79705
14975
75745
48503
20484
71846
68178
11989
60536
18851
16343
17927
55672
97695
82327
41340
5191
8604
59075
39392
23062
41412
73962
3950
38804
4148
71633
2063
13389
7291
47828
18935
34640
54768
89305
80101
53616
92869
488
58566
98886
41358
881
59697
82138
3287
36078
18240
36975
32491
66449
15144
77279
61861
74352
95311
27740
37188
4854
55818
64638
2978
82771
48852
73662
42942
54694
2355
16868
24994
58713
19781
37861
85319
68791
78502
88782
39232
44759
68762
72616
26058
35739
83542
25887
26783
60423
73803
15393
18256
59777
32973
64292
80827
73135
79421
31002
86236
2839
30419
2652
43076
79768
94505
66015
82143
44637
52837
95850
9555
28480
29722
3944
68054
81845
18295
19668
44968
94616
98737
77361
88718
47199
7647
62427
97330
90794
36618
36340
87363
2047
84085
5196
12933
93416
88146
36494
74112
31506
27283
85782
78466
75409
14575
57868
82372
38939
22499
12589
63823
52305
73292
71532
83870
71441
51156
71789
53781
3614
43215
97695
30949
29901
66964
42773
87690
68282
40087
785
46769
16817
94398
31883
85660
86786
20322
46149
49840
51599
79171
9418
39084
58848
49504
84466
90087
40745
34788
46761
45979
85261
97413
63312
31830
98558
1210
71651
52470
43006
21349
69555
85425
89304
62653
55882
28653
84875
19437
65453
68292
56083
78236
21191
15281
96101
81720
58707
96508
55792
57160
78966
8662
18409
53515
86021
69584
50727
34345
95536
22903
96693
30660
37373
73153
20759
19338
7052
24602
95068
38332
22220
85962
99273
69943
82942
30367
71306
82819
40509
84869
46611
77919
29320
8096
32836
13978
64838
47564
50374
78767
45132
60270
65329
85212
99363
92173
64207
29300
98622
30703
26489
39438
22770
64083
71424
88533
85991
83782
69157
39746
55593
3735
85357
78905
43423
59575
61511
50419
90117
48095
34049
367
61114
27632
2409
93118
48095
19710
14413
63903
80440
65011
2269
72239
37492
9278
56955
79146
70539
18143
6765
97596
89111
28327
31987
35866
19412
12625
43369
99275
62134
56606
64438
73192
11395
36003
3522
68220
63538
51694
76379
96460
86661
70371
93300
30092
87419
38756
16751
32290
30572
93779
20729
46625
13614
19218
79124
72525
90322
29446
22427
69962
34391
64279
32875
2762
95789
19603
52620
8108
52160
27642
7130
57934
92355
28971
82537
42025
66059
25715
41373
15163
44116
85972
76119
32664
15871
15028
4702
32716
58574
18180
35930
64992
59626
82407
86039
85176
99419
54435
3391
83437
42651
64270
48592
66023
53803
5104
80723
89390
55377
88422
67794
42038
86568
23720
797
20873
57588
97827
48964
31268
59675
73919
49359
26036
99679
58619
61519
57486
14898
93882
82972
51087
8647
27394
76918
48462
86624
94474
51045
54279
45923
41317
7540
61664
37974
54751
8351
6001
70753
53727
39556
22858
19935
96413
2183
59080
71871
24004
33774
2077
53801
54218
97855
81721
54489
24225
7380
54204
61063
75227
9032
52974
69782
44516
49363
55324
57603
94917
345
65499
38694
47258
43136
75404
67340
32228
66262
56572
31541
62061
33661
95878
86829
35951
44389
48360
29081
67248
82206
75605
39262
91327
33803
79780
18870
84606
35959
14918
5956
18112
72457
94591
12615
50058
42988
65645
13697
19270
46791
7678
36765
51711
68696
11814
75421
15986
26268
35700
38745
44606
46296
53707
97239
26240
65165
64960
81610
53925
80115
42125
1573
91267
64052
3168
1141
77794
88279
91341
80616
43994
24350
33612
22041
6318
29316
37694
65952
67690
89138
81689
41104
60888
38266
99427
6250
17368
42669
48701
54223
26079
4739
49118
44374
27570
73620
46333
76037
79762
48464
94814
10128
33284
92573
36307
445
52929
21496
43924
24906
31808
86036
62512
34049
5958
69562
91740
83159
75021
16821
63395
56580
13355
28379
465
6244
8358
11269
14656
90489
32771
24687
31018
19562
31555
19964
12460
90490
87940
641
22775
84015
38337
73966
53865
99101
7658
6474
54881
42781
14732
17178
65225
18558
10443
61403
34022
74177
99849
58995
95931
5921
67285
79143
62441
79689
64668
68622
82537
88678
86672
81598
70739
21905
98564
53605
4816
3863
7033
43574
32838
24412
13814
10035
78472
56396
4502
1937
6189
786
70927
90469
15419
56666
33432
96272
18638
53574
68720
97989
23616
56279
54167
11173
42561
5520
41243
46172
45545
36604
29892
14
42564
88652
96981
45235
58936
10089
58945
54351
45344
83056
120
72808
94988
61290
58926
76789
9956
77410
20058
76201
2885
10908
74453
48014
81118
48086
84761
75939
9514
41329
90035
37425
33392
39085
70934
97771
70735
53508
42763
76563
62581
44608
58357
57700
40825
74205
76710
47070
10449
38589
25238
494
53367
35699
63706
46222
50903
10859
41478
4337
68905
41021
13721
44394
28802
50240
26646
38588
26644
20116
51607
75379
96841
2956
39420
31156
94052
29205
67608
64188
89406
66420
8237
89149
19001
16211
64806
18359
49191
36409
34255
57442
81575
56674
44077
14267
27875
94774
66583
30970
18617
42202
86816
7342
44816
40775
2488
25785
4000
69693
75204
16550
57551
21368
95281
12640
27378
52281
83945
18385
95092
69143
70464
47597
62689
62064
199
42863
10333
39810
62190
72722
35707
47476
24578
41345
97840
70238
57580
93400
20342
68600
13892
45304
29439
66676
57704
40285
60499
73492
48562
72734
71787
43022
87094
34071
35538
8590
17437
39029
79688
54591
90902
57482
47997
65445
89520
9547
36024
5381
6548
46335
24230
8299
1948
29911
84561
62974
5136
3253
60745
12618
25975
26771
45006
54100
44152
34303
59745
46603
25093
76144
31169
16900
98635
25636
30745
36214
29296
85310
302
24984
86147
31733
48367
53230
69903
19225
8836
39117
38681
73360
2829
17730
7024
56249
83644
17324
5993
88699
89756
39870
46171
76380
42306
90196
52561
7578
85151
18980
35002
79323
32485
50175
39740
51816
18539
80490
68523
18402
12425
31688
13342
48994
45135
13188
20493
35024
10114
61947
8514
66951
42066
68970
48571
70964
11717
67151
34261
14251
66084
23597
26137
25587
88742
3699
59925
84530
1656
30660
42649
24745
50026
60108
46978
51174
66159
50339
69034
77407
25786
29137
78322
44095
94398
33114
16862
85067
31842
2603
32248
36012
25342
76597
48741
20108
87537
52339
22044
85462
68577
87362
36395
32458
4853
53121
24487
85012
2867
89534
39310
85638
76215
28879
11333
23704
26596
13806
76143
97129
83671
58953
12907
70294
38479
93057
15777
80039
15577
20871
21133
45375
92769
95254
61807
33972
23692
47240
94931
12669
7642
61139
22047
44967
78902
38444
82891
38126
54527
94363
73809
1823
96645
29644
71839
52754
15154
37041
7088
90351
36574
76471
52933
62557
47629
28739
54321
60978
81395
23913
66279
36918
80309
45124
90897
39246
34119
50068
69151
90980
71056
62561
16389
76315
73688
7224
40353
94623
52749
59383
52986
70854
52847
98020
15306
14660
1068
68591
64743
10589
41904
55104
43005
40555
12851
40442
34433
87195
9794
65847
18231
90224
61685
76283
63328
93506
5701
53358
43105
75571
88509
55429
73450
92184
67754
31411
69111
49840
86012
70425
50190
13353
10421
22569
68816
5438
86720
85316
68309
39723
84163
31828
21700
97784
3290
50039
30713
99684
58432
54404
17138
68165
7961
12221
15184
81508
13819
5219
57214
99735
23466
10880
57240
33265
46163
36505
18921
89561
72359
82308
72376
45234
56385
34679
16477
43576
17403
15056
77333
92851
83323
62784
14934
16221
4818
4276
23493
78908
45408
8454
69037
50084
78600
42748
75944
83308
20210
24051
85184
67850
51478
71701
50935
26533
17265
29846
31474
62731
49326
87953
13526
55139
86718
10982
9809
73737
58895
64319
31636
31779
72259
50092
44532
52540
39508
87202
71740
28762
15226
61667
44631
41561
81660
78914
21720
51081
33022
55887
69313
37951
26469
71723
46180
54787
62597
53372
92481
1475
73295
18293
76790
41694
30226
79067
8037
87812
17615
93532
10615
87021
62680
35050
11385
40342
34907
68919
90957
19378
74256
63690
33734
58716
11587
36077
45151
28005
89284
59855
64249
9035
99527
39072
31446
42217
19204
2435
69560
76324
96606
76266
80280
26713
3462
64544
56848
31650
71829
79441
14159
55107
15500
53303
49593
88605
31930
37777
9840
38332
9973
34556
31441
22903
76432
20778
38534
54323
11345
12901
50081
17485
31987
48325
11776
64307
42139
57334
40645
89187
34400
86788
27216
39274
37705
84135
11511
90467
91028
65034
99108
76387
1966
74485
30140
48412
16562
46701
31765
14237
48926
80164
34696
13135
58462
15041
27902
2729
90152
73200
50761
19538
30678
43403
65572
86160
83997
65144
52661
28276
58009
24385
47376
2385
4606
87809
55154
39509
83303
15010
65505
38605
52342
17967
43601
84436
39176
64859
5592
85303
60488
31354
16364
36844
7640
3895
20622
50291
6325
13008
37972
43810
87875
45849
15421
9491
43177
78250
86997
44474
46244
842
18794
75727
45356
96872
90972
45778
89768
34640
13993
30484
80364
48365
10176
14072
92523
23362
37474
17259
22529
73668
63583
27830
46362
1118
61317
69821
87518
65715
3648
51286
59435
50648
68374
69126
93595
28027
59651
28019
37246
35501
38554
53254
33625
99235
47840
20551
96494
84170
8020
49508
35996
11365
51380
66782
50855
10351
71225
82216
25244
41594
46922
31869
29964
93259
44600
7942
4002
43491
64859
59440
57635
93809
28647
15600
72842
11129
64173
29636
63657
88278
57060
67812
63369
4188
5212
60956
21115
92246
33939
41620
94026
43806
16131
9835
75607
23781
19927
13851
4377
20762
75012
2317
18099
5948
56209
41172
53836
10277
36643
67852
52436
8768
87047
67262
70744
95462
22668
83989
93358
83260
53287
92895
71893
38235
49975
94246
31113
87708
27937
78832
78711
40890
83695
69071
50128
49560
28993
71427
90837
97018
97087
51104
61637
72818
6864
81467
81334
28700
16973
96424
42223
67431
69923
86841
28830
38901
48226
36391
41214
58382
40712
82940
71935
97245
92416
56146
49303
91688
88353
29321
72950
75965
76474
98126
56757
77090
62453
2671
97901
99147
99850
85813
12574
1823
30514
4639
75719
93550
99941
44968
7301
99585
71413
47180
72711
2660
80867
78981
51254
36018
69695
75462
11577
69639
35226
10937
98192
60200
87629
46190
46972
72845
34348
49227
79771
530
53410
84585
6224
47161
33917
27867
73310
27006
53319
98154
41317
12891
54769
40402
63172
2985
61292
93188
91367
87438
28387
91099
58309
23860
76823
24471
48488
54998
97257
65855
95529
3818
29497
90030
33522
59201
71986
18055
63336
96176
93103
94891
55690
30552
35400
52797
99396
19663
51156
35235
42936
94552
8135
9419
63871
7715
56194
31884
88304
96915
81715
45687
89235
23099
99208
44698
75336
16927
67415
88711
69017
59658
93634
77413
53907
32651
63132
41911
34330
4123
56755
51502
66095
40044
39921
12154
85939
90294
37741
82934
57224
60260
53225
30821
76797
72831
30952
77491
33729
41340
37611
24152
76845
94595
91258
51609
65161
89044
72633
41235
89443
4942
58540
19631
67230
23593
78838
21358
25902
50454
47704
89474
33206
80321
64725
31797
90156
50661
52905
31857
31541
55574
67622
84894
99512
41264
93809
92096
93307
82737
90220
34746
59313
91217
5525
18859
92338
88412
68246
47100
17189
34378
41153
84596
88458
75986
22358
31667
21708
1218
57025
14423
17126
32293
71219
11594
73135
54437
8033
86322
48542
26250
68035
68105
73885
51702
1960
87844
37664
28823
17483
68772
2321
71145
9632
27272
67107
52728
99601
9892
89095
10095
40107
46367
12880
70200
43833
47213
62963
19876
1755
15887
44959
66060
95818
21390
40835
61400
39038
19013
20608
12098
48238
66400
22567
62193
40901
35314
20601
49965
25115
63220
71832
84635
22989
40442
74907
96757
12936
72821
3777
9291
91399
22735
4741
87699
77051
35266
91480
9593
14118
16047
88098
50118
21122
75112
74546
2871
54215
74996
72236
66224
25448
10978
78787
81833
26505
73800
11252
83031
49214
44676
78585
70142
19810
29988
12443
69845
71293
21722
64766
16241
143
86547
40459
7900
98774
9379
559
67472
86494
13482
17022
64033
94889
87569
20287
92444
95029
78265
34491
5241
38608
52770
690
25050
7528
74221
19404
65943
30237
83083
23938
24933
95327
1381
19240
89652
65481
83162
546
46596
52899
63819
22416
93597
12249
61457
80957
25180
19013
52859
12092
99280
89181
67923
95087
79568
10646
82481
57229
77941
54036
89741
43714
59583
51760
55370
7665
179
45200
29099
90527
694
23139
82237
95569
35572
72885
83051
12929
37435
83892
14507
48722
18785
19500
91265
80228
33409
83099
92056
14192
20750
29003
92409
31199
50590
56572
96610
23766
15627
2326
60573
36831
3447
63634
16137
76474
88151
92434
78471
1971
58751
18618
68850
44338
24928
49117
50271
76171
23026
74220
58739
13139
33398
60200
78756
71963
4732
25444
92050
35979
16769
33140
37133
87102
53315
79849
21861
14159
38105
47111
89258
45619
15147
75983
36097
91248
64180
41441
54293
52131
84856
49765
12809
55223
97395
30704
69209
75762
94378
66979
56655
66131
53426
72593
30730
14898
60526
7902
30534
81323
46056
72628
5754
56511
18205
71718
39016
37404
56155
73152
4239
16762
86784
8748
88160
16814
73742
45177
37699
46046
1392
89272
41093
54699
47197
8638
73327
89165
79890
98676
39670
66112
17765
9019
35416
411
65348
71668
503
2011
13368
77461
57130
28404
1213
45579
40753
37434
45023
22306
22711
42525
36771
68690
3652
24459
90667
48800
66269
76024
13036
74931
66033
80454
70
88377
67306
90312
70255
35273
27218
23557
11901
38721
45642
97856
53896
19960
8839
89369
66537
28714
53364
26337
9496
16925
90145
86270
73395
64147
66497
62268
82475
54863
96157
72140
43680
62287
26649
61468
11242
67654
90457
32119
43333
9560
66797
67456
59332
73090
24673
24663
48745
22218
53151
15430
18003
95706
92423
41230
3683
59562
59628
78088
21755
59783
13590
41682
81472
95924
41893
54954
17982
33680
65561
50841
45588
74758
42449
69157
75917
4899
31756
75143
24553
35436
59369
12834
71014
35620
72247
52919
14318
49675
86778
26826
13176
96961
32230
50067
23155
24836
29073
70570
37310
34705
43968
76894
79288
74100
56784
83281
33288
91792
85159
42792
98906
73066
24412
86226
2497
31478
74934
70820
85023
48857
82314
72220
94692
78306
23242
96484
85947
73619
74153
45515
90875
25708
88131
97252
95703
66197
35896
42114
37707
65787
84936
67899
18848
12648
27310
6726
21972
32176
5292
69600
26505
63494
76136
60879
12148
92274
60697
93880
19990
95997
57430
40289
16690
98375
8400
25298
55426
53665
87026
49278
57642
23830
79156
38931
64664
83271
38009
82163
22726
98958
77451
3267
2208
85746
86767
59180
22511
83606
45044
10545
52602
68944
78691
84495
3636
45956
77433
9252
17021
8965
40886
25041
77697
47750
52200
25299
15392
52728
70428
85600
52020
67805
71975
40165
37717
44830
32376
63453
1301
83625
66760
88766
98595
36392
34832
64044
50381
37613
3304
80947
73005
43119
6217
47399
27566
71978
7877
48692
62630
52207
41714
18290
53734
89037
77026
68062
82008
39248
93638
16888
16988
39404
47051
48261
80324
86946
98152
91579
53389
26353
48428
22339
3244
20525
70160
21158
96456
58246
64510
68786
67477
68373
38160
55582
95637
79022
87684
46157
52385
21667
35992
87564
14105
52101
99688
57537
29930
8841
55512
87840
24697
29381
62781
58889
55926
64645
26536
25333
71126
24336
22927
90699
22500
56817
91634
22229
69622
69826
51348
96258
15578
40064
93362
10563
82516
70852
21761
4207
8061
68914
79997
62525
15075
14375
74624
91426
11112
44854
65668
56107
89635
38046
36476
76612
95662
84055
2565
4930
86446
88180
54172
63805
54394
4920
34969
70835
63248
57944
64544
18881
45328
27849
79232
24741
25824
91331
55810
18161
55061
71201
20691
98129
69773
53570
78366
15794
30133
21
91140
94549
40635
48737
1734
86368
76052
22764
44833
65624
80448
83695
84193
21437
74149
63635
82275
21283
23961
27483
54683
97502
77438
55117
10936
43744
45124
70613
59379
11275
56823
54822
89899
70084
99517
62708
59165
50658
42253
65818
99398
70420
50220
79116
34975
77956
67552
5088
4684
34634
64485
5114
3754
54012
32262
15021
49794
97144
16105
10400
40470
93411
73009
234
41287
65904
38333
13481
17119
24041
3075
60934
99384
93350
23196
46637
57441
53992
58274
36080
54414
72173
9023
79540
18616
60013
53600
53836
82222
80826
63579
14907
26654
90813
35588
81324
98242
75436
8572
14209
68489
42641
22505
47421
70950
97005
91724
41196
88441
36686
39629
51005
56683
39729
3853
41323
91305
53108
17848
47952
80235
98686
43966
85630
2586
2002
14020
73600
41819
67933
57206
69802
26883
87072
37798
63736
45347
10843
20951
56162
43062
88064
24917
53428
37303
38498
97746
52656
86476
12755
31774
65857
52417
46853
8989
367
81751
22342
20966
48488
83470
86186
63705
73002
8023
44534
96515
13589
64952
79170
46837
7916
98894
7797
20129
51715
