73315
76963
46473
75744
9438
79640
49354
70699
99926
12787
94817
99490
34349
77281
61451
92606
32926
93571
41602
43016
45487
77666
66801
93772
50354
30636
71007
34831
83638
99428
24058
45241
97353
30450
73724
97479
87784
31263
80455
43752
89662
76090
66483
73385
40950
72206
97704
172
69930
16898
42693
85645
6881
51003
80429
60091
7970
40107
64241
59493
67582
29734
82455
44357
69031
51868
21451
20189
42290
93320
95115
5252
89958
20460
91393
50297
1980
87154
34853
19528
28085
73000
61016
59031
7881
37
55149
8800
64670
19256
66885
7061
1876
12250
46622
49400
52774
69627
57091
88843
78012
62159
78610
64500
59784
56674
71376
28381
7905
55333
31253
83338
64247
6392
94075
48910
88664
20714
61911
86212
39467
17672
28999
9805
39756
16866
84794
4654
18137
15301
7715
37545
40184
1139
67818
67723
10016
53663
23302
91402
75289
32802
97475
16801
19388
28764
64824
2143
84724
83720
34129
98831
96944
61941
43397
44640
63267
23135
83501
79573
44186
61510
45156
7747
97112
10969
2589
1378
57384
98473
14103
76816
37158
74650
71658
52484
20856
47928
43865
99179
80992
94712
39090
84724
80903
58349
52401
70392
27591
63255
91339
38367
42356
64815
10961
71278
33606
40247
11267
10676
31976
39272
29153
51323
27536
45586
11671
71986
88891
74802
29733
97346
23572
90988
6060
86300
40433
52796
616
72467
25142
64707
46028
71751
19037
4374
97583
48373
2079
66182
91347
39294
98195
77266
35262
5154
49673
28399
84744
11514
7228
3713
32002
71177
71388
97441
4918
55664
82931
41486
92018
69462
78188
69774
39549
49718
48229
97352
9648
75783
6416
97922
85608
14892
55806
32378
80103
95406
12110
19236
69982
73483
6125
86693
77319
21759
52395
19985
88810
24641
85528
76511
158
73621
49697
90858
99714
22075
99237
90334
8640
53567
4587
18641
17969
68531
15851
99995
12422
73535
87582
90824
19624
38171
23002
92630
66999
59675
65734
6413
71189
89823
6034
81564
61111
60252
90032
46700
29380
66001
29897
16186
11844
59839
36063
38194
18399
70164
46421
59980
72601
33192
78977
32292
33534
64324
33304
62715
81136
79727
77733
58221
74478
86561
41182
29323
33878
59972
14634
5324
48717
99931
81692
25168
43942
48906
3052
42430
60130
76790
21889
4816
96675
48959
2886
99271
59314
87750
67206
31673
65653
10039
94143
71332
64984
26755
58482
77744
82267
2290
28627
45022
95981
80016
38735
47083
79136
89013
58343
39273
8936
66190
95137
1616
8391
62002
64000
37732
45691
69991
23429
14059
57234
85084
21345
58583
97745
6628
31056
58816
54101
50118
78790
55001
38558
99348
11863
84290
794
33336
99286
37730
24323
58751
33144
25685
97291
19471
28950
63021
69245
70319
17580
94210
90536
45234
15548
52959
97551
78507
7984
77231
31332
8935
86555
39831
67716
8287
68828
69451
7542
39215
13833
30170
41130
91057
15222
19230
56689
40012
66473
52651
83513
41017
96276
35177
96963
28393
21426
42397
59485
10537
27758
58201
11423
26334
71552
94881
57565
34529
45261
44989
52640
7636
23569
81710
51981
14804
14158
67071
64905
79724
13997
30012
13791
60480
20786
77047
19437
77133
71667
3869
8653
41101
34057
33624
81896
53162
87144
78967
94948
96811
62616
54051
46342
83207
54831
24412
27611
30268
38931
52144
62965
21437
80715
45007
8255
81343
47591
90369
52191
66160
47801
53417
60450
16414
86873
4481
55258
79848
32828
22357
59736
20374
12420
65364
91665
71929
3473
82238
95293
86201
82113
14238
17959
63539
64873
83836
65654
81938
49319
2912
17139
83383
30936
71676
2791
19467
10050
66991
46157
18700
30090
43475
59958
18412
48370
5319
17819
25539
49999
67985
4293
70400
22342
60392
48356
90901
50501
43018
53611
49422
46424
93352
28677
36365
24608
78750
81251
83304
18601
78685
74043
81742
63759
86503
59272
41367
53509
12292
82188
64826
95928
28008
25725
96759
27517
67989
99278
90439
22397
78715
80137
46463
46194
12822
33506
49197
49630
27415
10211
17710
58053
36769
62647
39855
57369
26194
62433
76820
88781
99956
55788
56825
29084
89318
66392
36726
48207
36100
94957
2292
14647
55363
72495
6048
88357
11360
94294
25711
65427
7825
14405
20882
99043
20534
99260
44534
8566
53921
47472
92635
12914
26083
86539
56191
78946
40285
75970
64783
28173
86483
6294
7900
60996
37622
52003
86012
83528
60786
30644
18609
9227
265
48635
91302
75648
28163
90436
53816
53822
87168
58907
59573
39809
36029
70987
45921
47689
78461
46855
83781
70953
44737
14511
8982
16804
95024
86453
15280
38536
15482
65225
67302
60463
61309
91505
22607
83977
32103
48335
50107
83529
21812
74402
70433
61318
8956
94815
54447
41754
1663
42908
84671
8679
80043
55675
16699
58540
29956
52953
89851
69161
83466
86954
7209
79999
56827
62649
58416
29562
8090
22743
72512
83447
78257
71882
86945
27377
48686
83712
81424
82062
27227
65689
80305
77403
93807
50320
26669
90198
13696
90127
17044
31248
45465
76232
23904
43448
86428
29544
75193
9546
86585
41889
58300
49494
98436
90541
79656
88137
13017
8044
40045
47583
2887
30712
18403
19320
43009
50931
66642
44429
40833
80497
67278
85265
53971
11062
98322
73773
41331
90466
17216
1300
47538
67998
44548
71022
91656
35533
79896
76923
69441
71889
5600
84583
42124
96767
42041
29941
90721
42906
16228
12770
53279
26089
9152
65061
59403
59418
24975
39467
84044
22888
59573
54061
13508
79122
30771
90302
4041
49175
83800
39608
9267
80466
78559
74429
95763
7283
99869
92595
91806
3525
12235
25576
98982
75946
49049
79061
67683
90922
40097
50033
4665
23137
25476
61881
19167
51156
82583
8664
13860
26272
7437
95983
7241
97312
66903
57665
58486
93497
23516
63528
83148
94650
45507
26650
17993
12891
65066
44959
82140
10944
23975
68355
61363
33935
30570
93481
63118
3344
90925
11017
3794
50213
22100
43017
91423
12554
49405
57155
34740
91861
91534
78308
72118
54687
92491
5053
3408
51695
37371
78900
40389
60261
62352
29099
68675
2492
6749
49789
58304
14146
98145
86974
85551
409
63438
87236
78101
92124
14448
26981
75128
85684
68791
28820
40691
63822
65242
9728
65235
94788
97691
4033
21564
52341
404
48339
52482
16815
14569
51335
12270
62976
10764
78700
9500
80941
47616
73800
4908
61509
53670
16708
25513
27246
54565
35061
13489
93441
37314
71268
89614
30341
10162
70859
23003
55987
64645
92463
73719
44878
21963
87038
71878
47569
87726
10517
56408
54300
29635
33751
48482
33037
25612
87220
9845
85487
84310
37902
33215
92397
58022
51932
91786
91822
79444
54248
88073
47213
36300
95055
15107
74059
99281
73777
58796
61206
27728
53913
34530
21017
37293
77045
57069
27730
92785
79579
11537
44091
3034
461
2303
59746
78719
63768
68487
87366
97230
99518
15840
58184
24231
77153
56361
30711
73590
69050
80020
55548
32952
71484
73947
33652
21094
23838
33360
94585
98829
19862
12180
39032
21125
50744
62281
28472
88632
38424
3048
16941
70527
50791
95238
66437
38839
47304
15841
14961
10256
17179
21296
22556
8975
55724
96603
28827
26306
86455
52530
44164
56100
82318
26278
95676
98830
23446
38630
93257
31132
77281
30160
95905
67591
82900
62828
86689
51117
11887
16507
86762
26407
79891
58534
71317
91185
39709
18163
48206
51256
96283
18736
62196
66308
10696
16104
39874
37294
57411
25285
36232
24258
78686
38181
85725
76199
58532
23297
86057
96606
71900
84674
19161
22960
57873
61082
34529
47209
54778
10753
89341
74766
68532
21888
59375
12843
19874
91805
75021
62600
5787
98696
23156
22514
13842
24187
84970
94884
50892
15320
60490
5060
12803
87136
36610
21749
50580
34486
63872
13037
77575
44083
83872
6263
29309
39512
57380
47498
45365
12397
84830
25364
50406
59280
55271
23773
404
54562
5757
44031
88837
25781
37529
85341
90710
15752
1909
44446
35989
26338
8803
22674
63833
55013
39789
55588
98006
80375
3743
87873
44669
94734
7020
29007
99373
97268
12730
57022
32223
62693
68715
55022
49267
26705
13642
4434
56122
41903
89553
43576
47097
2284
60884
59955
74615
26113
66334
19240
92501
44327
93663
37419
86437
9183
40273
78496
100
63723
99515
46135
65641
95259
25468
73858
43507
64939
15658
21888
53760
82221
28096
44189
85306
53784
18755
85836
63258
10346
31575
70090
64591
87817
87378
22257
15313
75908
22086
67010
50690
85322
18372
84798
78239
83441
94475
50719
71769
73639
48217
36046
30301
47456
78037
82175
10420
69748
31963
95348
88992
20120
45790
28569
27
5522
86380
25097
68611
77039
76426
76973
32727
79967
31760
47501
51097
1427
99616
22862
90071
99643
41047
16834
52141
45612
5926
33541
19172
73164
37192
38064
9772
25463
85061
78943
70910
2857
55017
20154
1109
91116
37719
8106
79855
35822
51504
3685
33001
83426
45343
19318
55872
47918
52471
55260
57620
38313
14529
33359
85277
51330
77925
35671
32855
60249
7914
15441
35011
56281
72177
6353
51612
41377
62420
79499
26399
82824
59608
50141
4588
92142
96737
53232
54726
89217
85095
39040
31749
21947
93319
35684
24811
76107
35112
51521
89431
61530
12981
64353
66830
33889
45535
18460
38875
73831
97894
97705
33320
48335
79341
45471
76232
75363
4952
91568
3677
60647
64385
90927
52351
25081
39328
86259
9107
48180
37086
46401
19062
34602
53060
86774
89238
4715
11355
35972
92272
19892
88080
58673
53639
55712
71197
21256
34001
34405
65235
19498
49152
13706
32521
55206
35345
57441
11744
81533
36920
82500
2268
88847
85348
97143
12454
95022
97522
70276
99424
56712
38297
96298
45603
89142
60853
12802
41445
44288
7600
5449
14159
31317
85627
11185
34969
68039
74093
13032
47519
45955
40702
67317
52315
41356
73615
85494
74291
14063
2956
99226
30206
20058
72066
84039
33005
28754
34848
35910
56229
88679
42032
99873
3570
24042
55475
8978
17392
49219
53285
96825
12876
56608
19750
55510
43501
53579
93330
28426
23832
28310
14332
97847
25166
48694
13006
24262
35655
24375
48367
41003
72358
37940
90198
65835
35984
14192
62415
28725
45491
40116
99413
33982
2696
19012
9643
80029
12604
86867
62215
16864
85954
65166
28476
7514
2801
75438
90407
87237
98190
27938
65841
53696
12029
89664
27605
73635
98104
60021
32062
35596
89913
17866
76415
70689
34794
16461
88378
905
66952
74764
85569
44474
40720
19055
52766
84363
92830
43883
50855
16610
22300
47985
97415
92162
14320
37538
65570
83146
35542
5417
76177
32923
61682
32128
81670
49914
84864
30986
68676
36869
58023
11103
35241
96274
90141
21924
13933
57409
93852
96697
9745
52072
44075
184
41795
33263
81232
60429
34128
51181
72571
58580
28395
61031
11110
45714
40993
7003
52537
51699
96066
73823
79182
64467
4510
33423
40173
71139
74509
73241
68034
68661
50408
66574
52089
71985
90506
51644
39523
29417
24554
31030
90653
59753
59923
98253
89167
84038
225
66435
57854
22048
34446
40730
93047
87725
92182
96603
44842
77310
11474
81473
87735
47709
95162
83253
40095
74529
10644
27202
47318
17105
28651
43293
10927
20927
93206
69094
16456
44737
91870
95010
54886
40608
87600
88633
98914
47470
25149
73404
68973
9762
88764
32892
63941
64015
67995
46733
69352
19370
38162
27616
85189
68048
79123
44262
63850
6621
9128
5769
37346
8069
35895
43609
47103
38785
61268
41803
7917
63227
4648
79840
17747
58684
87237
30684
36478
53045
65739
81797
24755
37627
85206
41016
39232
35309
63537
91603
68395
8582
27141
37183
76598
9688
36524
81206
57638
70233
82267
51111
67084
76244
55964
95645
78073
76379
95453
6391
81180
43995
58566
85328
15378
57406
93119
19441
82829
7630
85622
87388
37983
62371
76010
26330
79876
70000
52016
84323
66721
16682
12122
22572
22951
51468
82968
34319
33191
31605
68155
14944
66561
83464
21770
47416
41685
65467
95761
89193
72177
24957
56790
34892
4777
19102
58544
27554
13284
67129
93511
15666
31389
74840
95277
23653
77948
9454
28170
57493
19880
39814
71447
47229
83975
29808
15101
91882
44052
38081
87227
29344
62539
78241
16961
66792
69426
63422
67978
1905
2581
3461
37410
94288
21044
28023
83082
79281
72790
99583
683
24031
4406
9155
49612
50528
91747
25941
93706
75475
55265
33338
93360
46169
74588
58062
27293
97903
1595
63325
5581
32766
4393
89856
15928
83743
34255
27072
56168
29642
98915
75852
29022
94584
50386
43771
9570
41856
46290
25403
74287
28664
70859
5079
55904
73814
43925
4461
43383
14595
8263
51743
77024
47467
80130
63792
49838
6985
93131
92044
57802
46871
77953
16834
87235
84661
59558
91025
45429
80739
6402
56500
11944
40336
26341
82996
94735
82348
44050
56251
72789
25846
68682
44372
15775
9912
71930
64210
79521
95286
64686
66433
81361
43782
41871
52646
90242
97486
89712
1575
55801
43879
83459
38399
64895
89588
64258
47685
16688
4514
69027
61557
50871
16950
7474
10707
28190
95127
10869
75312
96505
26961
83449
94596
66148
12768
65691
48216
43531
65333
86963
62480
97202
96719
24350
32659
93870
54177
37062
4142
38566
87400
99930
26416
63756
83639
5518
69809
27246
68178
45719
24197
38233
98848
69038
83033
80966
5945
34512
48543
37438
98116
22061
92823
22148
24367
64041
89940
26703
77074
93595
80920
18482
65974
73358
98837
60076
37575
44023
61876
5148
13571
96670
13287
15666
33385
70007
13439
47420
77096
6847
94907
51729
38740
89677
89248
95858
61479
19381
70477
13087
81075
47889
10527
67180
75127
97221
81796
16041
93945
49665
94039
42656
26635
55061
53773
75200
32400
99094
14823
49576
85190
41998
69494
95611
54337
78090
74957
21510
14142
24866
63927
94359
39758
26133
7574
1774
60214
31773
9539
6145
84032
10846
56825
95220
44155
80807
43433
24593
80244
44898
82853
41934
62197
99359
40577
39828
33124
32202
9361
78742
60417
97395
70186
70435
90745
37140
18290
98971
57071
94014
43735
24500
82200
27390
50578
4620
12725
67210
67497
9426
76142
97444
80448
63192
26833
71698
96436
79675
55613
3669
92468
23062
95365
95390
5628
41930
54865
51072
7800
58317
29470
40525
45277
34002
83133
80214
95711
196
90230
88742
18380
72584
59997
29272
22887
64251
6583
29067
7613
79510
49331
90516
43093
43868
73558
23708
97671
64643
27779
67724
26443
35955
15905
13918
26818
63834
18262
9394
92114
78703
82135
29622
41873
81945
41134
41599
77083
99673
8569
90571
7310
53143
6074
42277
19366
47732
36483
3576
69051
79127
78729
33702
17714
48860
63132
70306
19099
64077
10480
93329
56239
21518
52943
2673
72712
26601
23291
33695
26272
50567
97020
78167
66462
85061
11206
46846
25659
84429
22944
10981
9180
824
11737
86753
55180
99334
53625
96399
80795
82933
83102
4394
10030
78359
7837
11551
8015
41470
29142
86600
38360
48176
408
94804
93057
85549
26547
48305
70767
26711
13735
79705
14975
75745
48503
20484
71846
68178
11989
60536
18851
16343
17927
55672
97695
82327
41340
5191
8604
59075
39392
23062
41412
73962
3950
38804
4148
71633
2063
13389
7291
47828
18935
34640
54768
89305
80101
53616
92869
488
58566
98886
41358
881
59697
82138
3287
36078
18240
36975
32491
66449
15144
77279
61861
74352
95311
27740
37188
4854
55818
64638
2978
82771
48852
73662
42942
54694
2355
16868
24994
58713
19781
37861
85319
68791
78502
88782
39232
44759
68762
72616
26058
35739
83542
25887
26783
60423
73803
15393
18256
59777
32973
64292
80827
73135
79421
31002
86236
2839
30419
2652
43076
79768
94505
66015
82143
44637
52837
95850
9555
28480
29722
3944
68054
81845
18295
19668
44968
94616
98737
77361
88718
47199
7647
62427
97330
90794
36618
36340
87363
2047
84085
5196
12933
93416
88146
36494
74112
31506
27283
85782
78466
75409
14575
57868
82372
38939
22499
12589
63823
52305
73292
71532
83870
71441
51156
71789
53781
3614
43215
97695
30949
21522
1228
8522
95359
29766
82671
54531
67692
64028
26942
45986
10057
20120
35409
51844
67651
50448
72300
43737
21643
56397
345
54128
54590
25596
53682
95568
97665
11846
13491
30674
73906
29021
36327
84940
17007
48710
46571
76560
55978
32829
25815
15336
8629
31120
37371
23903
18866
49560
99351
46147
18572
5041
79475
41456
34834
30178
76518
13323
90340
52503
17162
91288
60502
4900
48955
49319
33078
44749
64878
38074
49045
18392
77850
72341
97191
24237
83482
69214
82217
33503
78809
20025
4944
5166
39749
11966
28041
27069
82719
26271
40906
2026
47633
10136
9430
78523
26615
95278
91349
38436
2916
41579
69393
72594
78136
43368
70159
53774
58234
13282
18206
10472
65809
88402
98126
8636
98679
84841
84607
77933
1887
85022
97133
75131
51319
92731
97610
77484
28465
10598
85745
29236
93979
12521
45242
69425
37557
72518
78139
24364
26334
52985
69693
87698
44599
10425
20390
4367
83528
1034
71007
70297
34267
84228
40715
51399
91207
1675
40405
80231
81401
87571
89395
75500
23562
24130
40860
27892
87440
39177
25667
93758
75539
95080
78480
75069
68334
49940
60282
38762
50652
10610
30233
14239
82868
36703
65520
17411
75507
15861
45032
28319
45179
72262
64797
17806
97541
92725
29789
54872
22194
18712
57098
7902
74160
65426
39825
14022
87848
35088
57621
61589
51472
64330
26226
78919
63615
12042
84438
63670
74599
49836
22269
56464
63557
28505
81517
80246
63011
55498
53801
96153
51451
59228
29519
61812
46372
96748
69356
29552
34899
63467
95822
572
38993
35785
32157
91576
34470
44970
74022
55733
74563
54639
53049
72895
44457
50419
41505
25807
37715
16231
16802
19059
72995
15030
27131
46196
31192
82980
19897
28007
52663
43953
46584
91432
25204
26388
78301
27917
26853
63
11662
28926
13335
81696
72295
78572
72173
98109
82010
7619
81472
23521
4494
45450
43330
93111
44958
1259
34269
69434
80304
36189
31287
66910
54489
75088
38357
58082
81695
68710
70962
94176
26112
32691
51392
31857
5490
26353
72398
70037
28023
20625
50852
34710
98791
39466
74544
14616
31044
98953
64151
81852
32636
47864
90762
43348
34538
92413
90467
24019
8693
39869
57623
48710
24996
95665
46189
33218
52415
71737
83976
24499
76471
69680
80121
89264
34308
35684
81214
80310
98363
49470
15250
55873
24438
59133
68265
27760
85384
97297
69660
65804
88530
60836
85346
55181
55575
7628
6245
23096
18841
26804
66666
45126
4499
81383
92077
87907
46693
81214
5824
26095
67476
2474
8376
50439
87711
29697
93113
84266
59800
23909
39810
58698
74276
65430
4906
22482
82523
38865
46859
43683
29999
43623
22394
96843
78997
20794
18092
96830
77564
40404
29488
46016
45527
31639
12975
31306
37067
63552
58206
66555
27541
77916
12442
35459
35429
22305
22867
43895
57218
99724
87106
89879
99765
23660
63862
48791
54968
20598
71597
28617
50651
66768
61212
83832
44973
29183
62093
10477
17133
26586
98583
64501
83719
93386
31450
29944
59529
68509
24750
99843
13652
59555
78586
59532
1423
5284
90554
78995
60795
24924
31733
86349
61783
12937
59475
4860
39952
54362
88625
88899
60728
75634
25922
56412
64581
65832
95885
92317
9940
95980
11343
47709
26323
15433
46591
8488
68890
58441
74579
87947
49494
38249
51182
22934
51914
29242
53546
50142
13274
96690
6666
33312
83317
87957
95657
51543
80280
56013
43307
94884
71127
61758
10315
16354
37201
82691
45085
38541
93376
29063
80549
87984
89721
74016
47733
29806
74964
7393
856
65342
20621
90006
70623
78548
12395
74811
93701
55116
77644
69863
90008
72611
19706
88853
48638
41851
56647
90882
38049
46803
69468
31137
93920
8928
44245
74976
96463
9700
46871
16456
66253
61739
37803
86096
95619
5930
31949
63381
12670
43187
39090
81290
84548
23010
38720
70887
61538
95207
16960
38687
42409
29609
68643
54831
61555
35320
68246
94323
23253
59961
32528
67892
27265
71191
63612
73734
80261
83319
9560
43313
24022
18470
39600
46290
28036
45703
98536
3033
85143
42077
43644
36212
3168
23449
73782
91703
68530
95961
91258
88224
72438
74871
73478
91892
82537
76979
83837
73526
73496
75395
80865
79709
47737
80920
66113
22540
11138
28589
22092
88868
32023
740
73977
69628
13888
44864
12508
43696
63102
41127
225
22824
77496
39517
43604
67562
67766
45256
83710
9394
59063
57988
7491
4475
32241
94657
62503
28945
71128
2375
23734
21678
61033
92978
23644
84344
45529
43915
4153
97668
4696
48940
9638
23027
58937
53558
74522
1316
38211
62142
85804
41939
7794
78212
60015
39078
17962
17881
73694
32363
22273
99074
14141
2042
27935
81444
38572
75509
25703
24033
92370
16432
84544
89672
91865
97213
93070
42665
9139
88324
50466
77948
1955
36951
66093
40930
13372
27151
72029
27298
47861
40414
96897
27111
87140
84372
57364
18016
84227
65115
72771
45476
95000
21160
59565
36752
50949
45780
51995
40477
77695
16272
85543
77036
19291
40370
22947
85876
1962
91827
81555
57407
66413
51020
25487
49786
25410
83126
71024
11360
3816
20053
43836
29061
67401
86487
10785
52052
79646
84496
22739
31616
46362
42966
11920
87076
42921
59663
61086
88832
3091
11568
38183
75385
35229
57509
26375
14037
43324
29082
90775
84477
72016
39932
41129
60135
78840
67427
53514
14006
18631
44098
22914
53483
11399
37960
14885
57828
88450
48287
95236
15125
50723
50681
53044
73223
35028
64995
58521
3659
95197
37047
40641
1451
9650
56836
98727
59659
61441
83816
15544
69189
91097
8876
47861
30036
89617
652
37582
33648
43912
56596
47377
57943
70558
80269
72351
63248
31111
5222
22108
4631
14620
99225
26745
38924
67374
87090
26801
57163
64619
27416
96745
31346
73973
47420
19030
2284
78631
77379
12609
16936
85271
69317
20635
47144
92793
97976
18830
91346
15208
75600
55301
36480
62495
4947
20752
10938
9876
25086
73948
67725
84703
89208
12966
15341
6933
92846
65696
49996
50028
36369
75379
25665
44249
79999
65865
44407
58046
52936
47387
32664
71236
77537
28564
87123
54660
89752
46964
19920
53417
46920
73252
50817
82925
8048
46004
97931
84130
94018
50200
45180
77072
31613
47699
48494
95784
83418
37903
65857
7550
23013
42577
57949
92995
27878
81670
94521
19006
77999
77163
90724
87627
7266
67312
63311
63608
54782
80523
47121
56238
15793
71985
92841
53832
72057
54778
95369
57156
50552
11496
41536
20138
67987
68280
47104
3734
71835
77408
87129
17787
12365
20802
29239
33110
79104
78537
31786
89324
24695
45418
86589
68832
29799
35980
18917
46753
14704
56588
69231
37547
83281
41585
12100
24123
431
3271
23602
80206
96273
74948
95414
75915
85431
47848
47035
72323
65102
15680
92972
26307
58227
16862
38452
18405
54608
86130
18643
99971
85334
59454
45568
47924
31523
79292
81172
48581
7194
13729
51179
9196
59163
93886
95880
86127
3027
33533
75155
14276
89449
57714
88378
63894
87702
6834
31677
38299
31491
5706
77689
71796
29383
40115
13976
4118
8412
81237
99188
52600
706
29105
89502
80713
80957
60413
79757
39707
54855
1658
13665
1352
69507
45661
43666
33452
26695
75297
24213
71916
76805
10095
11745
30653
91073
91595
99750
28012
53491
85752
81730
86365
77720
9805
27797
84376
98258
75058
55401
98136
55062
7915
51527
63808
18448
43074
50660
19967
96486
33991
48498
93512
93511
88157
75667
75464
61279
92941
76549
64997
42510
8075
10744
43338
95995
17051
19118
66120
90724
95015
25814
30187
96454
59238
88894
22485
7514
58653
1877
98892
34772
33306
64339
27687
10563
42964
39516
23908
51258
2485
49751
65905
5190
7720
63004
25753
2468
48710
81732
52485
99142
51637
49861
22726
53877
69466
58980
57562
87982
54363
84888
28749
61474
21098
73059
15612
20727
92032
66994
28009
63637
97304
12613
14560
83047
61453
90362
24215
60466
50365
62287
91446
67752
34183
22203
62735
6063
55806
39495
43988
6849
88491
76668
22511
22209
16871
58620
72560
48843
48182
74703
19520
16124
75365
36961
15073
25144
98433
61218
22773
80751
919
43855
11055
12888
70237
40934
21242
66888
97639
94292
36619
82037
52728
95630
34641
39851
28963
47860
25565
11599
88003
63414
43412
71534
52320
39
2958
4786
27772
31807
88371
60651
5495
57402
89590
90433
65671
77133
73645
34763
8721
26258
32362
64501
11405
83972
56507
25587
48556
39203
74273
88757
72972
49903
51380
54128
19350
97774
7133
37353
63565
50331
59298
5912
69722
79454
11945
71913
76763
86095
42868
77932
36412
54706
59923
73811
49738
8879
23849
18528
41203
67883
59828
82284
48377
48521
60917
92306
86688
94219
88800
53206
21664
52761
39088
5734
46433
68033
2805
51088
9383
19082
36185
79067
6359
25656
81457
64492
91810
64036
37593
17662
2897
10354
35673
88667
28913
57572
29487
72559
42536
82838
80262
99384
78986
12731
52652
30117
24798
65688
94926
76274
29394
29087
10129
74950
28835
34181
26238
72447
4226
61728
44443
85351
71532
33108
34064
18751
39995
96345
97430
61463
90377
46250
68272
29161
25063
90777
87855
4146
29380
58224
65817
85820
87203
58406
65727
73687
87138
69196
9023
16520
9189
39561
10565
12970
12949
70708
72699
80576
25032
58871
81648
9981
91948
6404
26081
99679
72366
96962
30097
67665
35557
52533
14554
33538
36691
74254
52795
13713
90947
54542
82245
19964
79339
23472
85503
73052
24372
56439
48570
2124
21547
51682
84909
2767
16886
8681
86554
57772
95812
91746
39327
80456
65903
56842
98879
72439
53763
65223
41860
46220
62303
73967
81294
81675
32675
46387
20235
90570
73757
93288
14855
79173
6037
99871
34620
47142
20891
27962
3200
78295
81814
80509
90931
77767
88560
40808
34767
500
50604
84541
99489
70315
76970
48546
11279
51893
51127
26135
85580
34442
46912
65808
71386
65528
28963
23625
34185
72661
38656
1667
43545
18373
78490
10831
99063
26141
23017
79041
60719
51066
61142
96445
65988
15217
58270
40752
71053
50869
77496
34762
41513
16003
74119
16541
67157
25090
69538
94699
22112
51413
23515
69876
16534
65608
42460
7415
5586
76367
11243
41327
20279
26632
31539
52872
97978
36137
98403
56684
45753
37012
83111
68586
30053
40103
54044
3488
85367
38162
4499
69102
23592
49856
82928
24858
83279
23404
57744
38622
82554
98640
4140
17032
55556
56722
10410
19846
51368
41692
72628
99163
27923
92820
11756
49234
87455
87574
53165
90832
37533
79730
69636
54890
43982
76064
99579
78217
67753
3172
18063
63744
63930
35637
23229
91591
38232
83568
83512
11535
61908
71368
7564
36001
45939
38210
28118
85582
42283
49199
26743
49004
30278
10566
59074
88967
28938
76175
78352
18456
27626
53599
12176
14815
37460
63108
68328
84908
86408
51786
58402
88838
41761
93374
82322
12730
12509
19501
46961
89109
45367
8917
23301
66936
86787
90067
14255
80791
42464
63375
71549
77152
99713
24911
24746
54889
52424
79460
20163
3866
40114
30046
94144
66699
16651
72311
80718
10604
24554
96618
86935
15558
69479
15356
65549
72904
18069
28065
55377
6247
26879
22644
99121
38879
42169
85084
73061
38779
1666
30439
90822
62127
54064
15352
96725
91588
4466
2776
94533
2274
26608
18578
2670
74918
69367
382
40806
43598
56707
63503
6777
5933
70847
10121
67311
72109
20217
77276
84944
7869
28323
90731
87201
88803
60088
9779
16575
60137
11856
45202
94099
97911
90164
91286
55986
43571
74373
79279
64874
54427
54762
71866
36619
85920
2859
99461
32664
47262
36285
89938
86449
59969
38180
85983
98540
51045
27680
99049
14182
99218
86016
6974
67667
41623
42786
29340
28172
82076
70296
95448
60238
12641
11073
52273
89147
93996
4262
45684
66868
38811
49205
70241
13711
92598
59197
88360
90795
54388
36117
41070
59863
5437
92121
54935
18743
87828
47915
51703
19220
3233
76907
85509
19749
2007
43131
34967
80770
2682
19714
27484
23696
59945
80517
18575
87658
17177
71263
88351
56905
78201
14216
79219
63086
83084
7127
50025
14533
93059
40348
44169
4240
75979
88555
63302
29247
30502
98789
51733
87236
89621
74831
24536
2025
50319
8287
72402
66816
78737
81451
82015
49914
13117
68384
59392
88038
29921
19983
96464
13746
5936
34796
17876
11049
9664
43440
23431
87001
49738
29319
85274
27242
16374
5010
51390
85616
96211
92451
90630
86897
67775
92912
84836
62423
24238
7839
14028
90272
72339
2235
22185
81760
42558
63482
87971
58582
53817
98557
81455
36353
89405
3814
82648
42821
54154
14214
47258
71080
85691
13375
54393
41349
38418
73894
82675
65183
44066
7080
66872
8521
9169
89870
53269
50074
42800
83874
1888
11141
89325
27161
99567
40597
86066
38146
85021
38719
4919
70494
51960
81931
21568
57778
95692
4030
89583
90852
9225
84982
17136
20695
8953
71479
53640
11346
97662
73373
93058
38422
38499
54927
7375
84083
13110
82603
10695
28146
30986
83689
41538
62622
48827
8673
68253
97438
53298
52983
40282
9440
54767
66819
15821
13116
15129
47542
57557
74363
72753
74273
32227
23566
89541
9257
63062
34935
78101
10065
7282
82753
36854
3932
23161
47560
32852
45796
66653
66227
40074
15472
80208
33088
19380
93227
9184
14897
43131
10240
18931
45181
14384
96862
83357
27018
62704
71200
31297
32756
28276
97624
89262
23797
68459
75675
47149
2298
15028
95553
95173
27830
85467
86843
64014
42757
5605
35975
44763
85852
39710
13815
19035
55819
36001
35955
77874
90642
44205
55454
71184
78670
3271
90225
98931
63290
82209
90757
70563
79216
62276
94622
43239
43097
91839
89173
68992
79155
71334
24597
59763
72946
29852
35991
59176
66728
76651
3128
29230
76935
11977
7831
68298
17745
15168
76163
28060
37489
71264
44066
42666
63265
31869
7807
75736
98850
71967
49995
19452
36673
54350
82846
85565
99194
90900
43904
78420
77067
99197
44748
73537
48161
22465
35445
3941
71578
35453
53475
24868
13202
60912
58398
29169
15518
40968
95712
62141
55190
5938
22434
64956
73113
2890
84005
31145
24220
61478
65730
98806
2708
21758
41422
50015
93244
70719
32363
81609
15554
52192
17096
20016
76340
15352
11093
89187
90728
71158
55063
96524
93591
2962
25629
83178
39851
74199
91683
51626
91918
27536
12124
62188
77483
18662
69646
41792
98712
37629
3222
89938
59575
36229
73226
48329
15007
58953
32625
16172
43200
41156
80680
55397
3564
13546
15802
2277
99682
74169
20411
21030
25209
30930
27011
48330
7605
90436
21231
8692
69100
44766
6303
73257
63034
61100
7561
41302
42241
92156
78762
97865
42388
54358
12073
30318
62501
19758
62156
71215
68771
73056
70527
51803
42057
97448
7299
46122
68439
24874
35956
48093
25144
36400
2857
48210
65164
84901
18172
8495
50024
4541
72337
87879
92880
20845
14072
34429
6288
62225
94583
52259
83416
88491
24323
88864
49766
37542
71272
15307
19044
39611
36066
95972
6194
83854
55971
95992
22843
89844
91310
40913
99646
52540
25300
41789
15748
60697
56207
99580
54788
59057
59918
56832
64050
96835
71559
93416
93073
51529
31855
43162
46712
17399
54157
90779
9805
62636
15466
60590
142
76688
46083
40235
82182
65697
48914
43618
19650
52110
98709
814
78229
74202
11815
98131
54069
97668
64002
30468
39424
51171
48276
73873
85214
23101
34852
77987
40909
85321
13255
46675
95513
88669
44368
49094
94899
82782
16557
1856
32706
21668
86686
90183
68126
17294
93520
39937
79066
78238
62549
55432
1020
13413
79103
70324
8810
68319
93165
61894
39526
72473
45728
56996
11292
66396
79151
33053
47461
66679
52988
65508
51670
76965
19624
54249
98208
6033
49543
86129
4687
39923
43649
19803
59600
35496
53973
63747
78157
72246
18413
67533
54475
57845
14707
17973
13389
36252
33170
78191
33999
75784
95503
23155
92883
92153
91489
97707
5132
72307
86137
54712
49310
16282
22439
16478
17861
55268
68137
10451
34727
45637
53288
33662
79040
57046
28394
540
12900
3649
10970
39265
803
