73315
76963
46473
75744
9438
79640
49354
70699
99926
12787
94817
99490
34349
77281
61451
92606
32926
93571
41602
43016
45487
77666
66801
93772
50354
30636
71007
34831
83638
99428
24058
45241
97353
30450
73724
97479
87784
31263
80455
43752
89662
76090
66483
73385
40950
72206
97704
172
69930
16898
42693
85645
6881
51003
80429
60091
7970
40107
64241
59493
67582
29734
82455
44357
69031
51868
21451
20189
42290
93320
95115
5252
89958
20460
91393
50297
1980
87154
34853
19528
28085
73000
61016
59031
7881
37
55149
8800
64670
19256
66885
7061
1876
12250
46622
49400
52774
69627
57091
88843
78012
62159
78610
64500
59784
56674
71376
28381
7905
55333
31253
83338
64247
6392
94075
48910
88664
20714
61911
86212
39467
17672
28999
9805
39756
16866
84794
4654
18137
15301
7715
37545
40184
1139
67818
67723
10016
53663
23302
91402
75289
32802
97475
16801
19388
28764
64824
2143
84724
83720
34129
98831
96944
61941
43397
44640
63267
23135
83501
79573
44186
61510
45156
7747
97112
10969
2589
1378
57384
98473
14103
76816
37158
74650
71658
52484
20856
47928
43865
99179
80992
94712
39090
84724
80903
58349
52401
70392
27591
63255
91339
38367
42356
64815
10961
71278
33606
40247
11267
10676
31976
39272
29153
51323
27536
45586
11671
71986
88891
74802
29733
97346
23572
90988
6060
86300
40433
52796
616
72467
25142
64707
46028
71751
19037
4374
97583
48373
2079
66182
91347
39294
98195
77266
35262
5154
49673
28399
84744
11514
7228
3713
32002
71177
71388
97441
4918
55664
82931
41486
92018
69462
78188
69774
39549
49718
48229
97352
9648
75783
6416
97922
85608
14892
55806
32378
80103
95406
12110
19236
69982
73483
6125
86693
77319
21759
52395
19985
88810
24641
85528
76511
158
73621
49697
90858
99714
22075
99237
90334
8640
53567
4587
18641
17969
68531
15851
99995
12422
73535
87582
90824
19624
38171
23002
92630
66999
59675
65734
6413
71189
89823
6034
81564
61111
60252
90032
46700
29380
66001
29897
16186
11844
59839
36063
38194
18399
70164
46421
59980
72601
33192
78977
32292
33534
64324
33304
62715
81136
79727
77733
58221
74478
86561
41182
29323
33878
59972
14634
5324
48717
99931
81692
25168
43942
48906
3052
42430
60130
76790
21889
4816
96675
48959
2886
99271
59314
87750
67206
31673
65653
10039
94143
71332
64984
26755
58482
77744
82267
2290
28627
45022
95981
80016
38735
47083
79136
89013
58343
39273
8936
66190
95137
1616
8391
62002
64000
37732
45691
69991
23429
14059
57234
85084
21345
58583
97745
6628
31056
58816
54101
50118
78790
55001
38558
99348
11863
84290
794
33336
99286
37730
24323
58751
33144
25685
97291
19471
28950
63021
69245
70319
17580
94210
90536
45234
15548
52959
97551
78507
7984
77231
31332
8935
86555
39831
67716
8287
68828
69451
7542
39215
13833
30170
41130
91057
15222
19230
56689
40012
66473
52651
83513
41017
96276
35177
96963
28393
21426
42397
59485
10537
27758
58201
11423
26334
71552
94881
57565
34529
45261
44989
52640
7636
23569
81710
51981
14804
14158
67071
64905
79724
13997
30012
13791
60480
20786
77047
19437
77133
71667
3869
8653
41101
34057
33624
81896
53162
87144
78967
94948
96811
62616
54051
46342
83207
54831
24412
27611
30268
38931
52144
62965
21437
80715
45007
8255
81343
47591
90369
52191
66160
47801
53417
60450
16414
86873
4481
55258
79848
32828
22357
59736
20374
12420
65364
91665
71929
3473
82238
95293
86201
82113
14238
17959
63539
64873
83836
65654
81938
49319
2912
17139
83383
30936
71676
2791
19467
10050
66991
46157
18700
30090
43475
59958
18412
48370
5319
17819
25539
49999
67985
4293
70400
22342
60392
48356
90901
50501
43018
53611
49422
46424
93352
28677
36365
24608
78750
81251
83304
18601
78685
74043
81742
63759
86503
59272
41367
53509
12292
82188
64826
95928
28008
25725
96759
27517
67989
99278
90439
22397
78715
80137
46463
46194
12822
33506
49197
49630
27415
10211
17710
58053
36769
62647
39855
57369
26194
62433
76820
88781
99956
55788
56825
29084
89318
66392
36726
48207
36100
94957
2292
14647
55363
72495
6048
88357
11360
94294
25711
65427
7825
14405
20882
99043
20534
99260
44534
8566
53921
47472
92635
12914
26083
86539
56191
78946
40285
75970
64783
28173
86483
6294
7900
60996
37622
52003
86012
83528
60786
30644
18609
9227
265
48635
91302
75648
28163
90436
53816
53822
87168
58907
59573
39809
36029
70987
45921
47689
78461
46855
83781
70953
44737
14511
8982
16804
95024
86453
15280
38536
15482
65225
67302
60463
61309
91505
22607
83977
32103
48335
50107
83529
21812
74402
70433
61318
8956
94815
54447
41754
1663
42908
84671
8679
80043
55675
16699
58540
29956
52953
89851
69161
83466
86954
7209
79999
56827
62649
58416
29562
8090
22743
72512
83447
78257
71882
86945
27377
48686
83712
81424
82062
27227
65689
80305
77403
93807
50320
26669
90198
13696
90127
17044
31248
45465
76232
23904
43448
86428
29544
75193
9546
86585
41889
58300
49494
98436
90541
79656
88137
13017
8044
40045
47583
2887
30712
18403
19320
43009
50931
66642
44429
40833
80497
67278
85265
53971
11062
98322
73773
41331
90466
17216
1300
47538
67998
44548
71022
91656
35533
79896
76923
69441
71889
5600
84583
42124
96767
42041
29941
90721
42906
16228
12770
53279
26089
9152
65061
59403
59418
24975
39467
84044
22888
59573
54061
13508
79122
30771
90302
4041
49175
83800
39608
9267
80466
78559
74429
95763
7283
99869
92595
91806
3525
12235
25576
98982
75946
49049
79061
67683
90922
40097
50033
4665
23137
25476
61881
19167
51156
82583
8664
13860
26272
7437
95983
7241
97312
66903
57665
58486
93497
23516
63528
83148
94650
45507
26650
17993
12891
65066
44959
82140
10944
23975
68355
61363
33935
30570
93481
63118
3344
90925
11017
3794
50213
22100
43017
91423
12554
49405
57155
34740
91861
91534
78308
72118
54687
92491
5053
3408
51695
37371
78900
40389
60261
62352
29099
68675
2492
6749
49789
58304
14146
98145
86974
85551
409
63438
87236
78101
92124
14448
26981
75128
85684
68791
28820
40691
63822
65242
9728
65235
94788
97691
4033
21564
52341
404
48339
52482
16815
14569
51335
12270
62976
10764
78700
9500
80941
47616
73800
4908
61509
53670
16708
25513
27246
54565
35061
13489
93441
37314
71268
89614
30341
10162
70859
23003
55987
64645
92463
73719
44878
21963
87038
71878
47569
87726
10517
56408
54300
29635
33751
48482
33037
25612
87220
9845
85487
84310
37902
33215
92397
58022
51932
91786
91822
79444
54248
88073
47213
36300
95055
15107
74059
99281
73777
58796
61206
27728
53913
34530
21017
37293
77045
57069
27730
92785
79579
11537
44091
3034
461
2303
59746
78719
63768
68487
87366
97230
99518
15840
58184
24231
77153
56361
30711
73590
69050
80020
55548
32952
71484
73947
33652
21094
23838
33360
94585
98829
19862
12180
39032
21125
50744
62281
28472
88632
38424
3048
16941
70527
50791
95238
66437
38839
47304
15841
14961
10256
17179
21296
22556
8975
55724
96603
28827
26306
86455
52530
44164
56100
82318
26278
95676
98830
23446
38630
93257
31132
77281
30160
95905
67591
82900
62828
86689
51117
11887
16507
86762
26407
79891
58534
71317
91185
39709
18163
48206
51256
96283
18736
62196
66308
10696
16104
39874
37294
57411
25285
36232
24258
78686
38181
85725
76199
58532
23297
86057
96606
71900
84674
19161
22960
57873
61082
34529
47209
54778
10753
89341
74766
68532
21888
59375
12843
19874
91805
75021
62600
5787
98696
23156
22514
13842
24187
84970
94884
50892
15320
60490
5060
12803
87136
36610
21749
50580
34486
63872
13037
77575
44083
83872
6263
29309
39512
57380
47498
45365
12397
84830
25364
50406
59280
55271
23773
404
54562
5757
44031
88837
25781
37529
85341
90710
15752
1909
44446
35989
26338
8803
22674
63833
55013
39789
55588
98006
80375
3743
87873
44669
94734
7020
29007
99373
97268
12730
57022
32223
62693
68715
55022
49267
26705
13642
4434
56122
41903
89553
43576
47097
2284
60884
59955
74615
26113
66334
19240
92501
44327
93663
37419
86437
9183
40273
78496
100
63723
99515
46135
65641
95259
25468
73858
43507
64939
15658
21888
53760
82221
28096
44189
85306
53784
18755
85836
63258
10346
31575
70090
64591
87817
87378
22257
15313
75908
22086
67010
50690
85322
18372
84798
78239
83441
94475
50719
71769
73639
48217
36046
30301
47456
78037
82175
10420
69748
31963
95348
88992
20120
45790
28569
27
5522
86380
25097
68611
77039
76426
76973
32727
79967
31760
47501
51097
1427
99616
22862
90071
99643
41047
16834
52141
45612
5926
33541
19172
73164
37192
38064
9772
25463
85061
78943
70910
2857
55017
20154
1109
91116
37719
8106
79855
35822
51504
3685
33001
83426
45343
19318
55872
47918
52471
55260
57620
38313
14529
33359
85277
51330
77925
35671
32855
60249
7914
15441
35011
56281
72177
6353
51612
41377
62420
79499
26399
82824
59608
50141
4588
92142
96737
53232
54726
89217
85095
39040
31749
21947
93319
35684
24811
76107
35112
51521
89431
61530
12981
64353
66830
33889
45535
18460
38875
73831
97894
97705
33320
48335
79341
45471
76232
75363
4952
91568
3677
60647
64385
90927
52351
25081
39328
86259
9107
48180
37086
46401
19062
34602
53060
86774
89238
4715
11355
35972
92272
19892
88080
58673
53639
55712
71197
21256
34001
34405
65235
19498
49152
13706
32521
55206
35345
57441
11744
81533
36920
82500
2268
88847
85348
97143
12454
95022
97522
70276
99424
56712
38297
96298
45603
89142
60853
12802
41445
44288
7600
5449
14159
31317
85627
11185
34969
68039
74093
13032
47519
45955
40702
67317
52315
41356
73615
85494
74291
14063
2956
99226
30206
20058
72066
84039
33005
28754
34848
35910
56229
88679
42032
99873
3570
24042
55475
8978
17392
49219
53285
96825
12876
56608
19750
55510
43501
53579
93330
28426
23832
28310
14332
97847
25166
48694
13006
24262
35655
24375
48367
41003
72358
37940
90198
65835
35984
14192
62415
28725
45491
40116
99413
33982
2696
19012
9643
80029
12604
86867
62215
16864
85954
65166
28476
7514
2801
75438
90407
87237
98190
27938
65841
53696
12029
89664
27605
73635
98104
60021
32062
35596
89913
17866
76415
70689
34794
16461
88378
905
66952
74764
85569
44474
40720
19055
52766
84363
92830
43883
50855
16610
22300
47985
97415
92162
14320
37538
65570
83146
35542
5417
76177
32923
61682
32128
81670
49914
84864
30986
68676
36869
58023
11103
35241
96274
90141
21924
13933
57409
93852
96697
9745
52072
44075
184
41795
33263
81232
60429
34128
51181
72571
58580
28395
61031
11110
45714
40993
7003
52537
51699
96066
73823
79182
64467
4510
33423
40173
71139
74509
73241
68034
68661
50408
66574
52089
71985
90506
51644
39523
29417
24554
31030
90653
59753
59923
98253
89167
84038
225
66435
57854
22048
34446
40730
93047
87725
92182
96603
44842
77310
11474
81473
87735
47709
95162
83253
40095
74529
10644
27202
47318
17105
28651
43293
10927
20927
93206
69094
16456
44737
91870
95010
54886
40608
87600
88633
98914
47470
25149
73404
68973
9762
88764
32892
63941
64015
67995
46733
69352
19370
38162
27616
85189
68048
79123
44262
63850
6621
9128
5769
37346
8069
35895
43609
47103
38785
61268
41803
7917
63227
4648
79840
17747
58684
87237
30684
36478
53045
65739
81797
24755
37627
85206
41016
39232
35309
63537
91603
68395
8582
27141
37183
76598
9688
36524
81206
57638
70233
82267
51111
67084
76244
55964
95645
78073
76379
95453
6391
81180
43995
58566
85328
15378
57406
93119
19441
82829
7630
85622
87388
37983
62371
76010
26330
79876
70000
52016
84323
66721
16682
12122
22572
22951
51468
82968
34319
33191
31605
68155
14944
66561
83464
21770
47416
41685
65467
95761
89193
72177
24957
56790
34892
4777
19102
58544
27554
13284
67129
93511
15666
31389
74840
95277
23653
77948
9454
28170
57493
19880
39814
71447
47229
83975
29808
15101
91882
44052
38081
87227
29344
62539
78241
16961
66792
69426
63422
67978
1905
2581
3461
37410
94288
21044
28023
83082
79281
72790
99583
683
24031
4406
9155
49612
50528
91747
25941
93706
75475
55265
33338
93360
46169
74588
58062
27293
97903
1595
63325
5581
32766
4393
89856
15928
83743
34255
27072
56168
29642
98915
75852
29022
94584
50386
43771
9570
41856
46290
25403
74287
28664
70859
5079
55904
73814
43925
4461
43383
14595
8263
51743
77024
47467
80130
63792
49838
6985
93131
92044
57802
46871
77953
16834
87235
84661
59558
91025
45429
80739
6402
56500
11944
40336
26341
82996
94735
82348
44050
56251
72789
25846
68682
44372
15775
9912
71930
64210
79521
95286
64686
66433
81361
43782
41871
52646
90242
97486
89712
1575
55801
43879
83459
38399
64895
89588
64258
47685
16688
4514
69027
61557
50871
16950
7474
10707
28190
95127
10869
75312
96505
26961
83449
94596
66148
12768
65691
48216
43531
65333
86963
62480
97202
96719
24350
32659
93870
54177
37062
4142
38566
87400
99930
26416
63756
83639
5518
69809
27246
68178
45719
24197
38233
98848
69038
83033
80966
5945
34512
48543
37438
98116
22061
92823
22148
24367
64041
89940
26703
77074
93595
80920
18482
65974
73358
98837
60076
37575
44023
61876
5148
13571
96670
13287
15666
33385
70007
13439
47420
77096
6847
94907
51729
38740
89677
89248
95858
61479
19381
70477
13087
81075
47889
10527
67180
75127
97221
81796
16041
93945
49665
94039
42656
26635
55061
53773
75200
32400
99094
14823
49576
85190
41998
69494
95611
54337
78090
74957
21510
14142
24866
63927
94359
39758
26133
7574
1774
60214
31773
9539
6145
84032
10846
56825
95220
44155
80807
43433
24593
80244
44898
82853
41934
62197
99359
40577
39828
33124
32202
9361
78742
60417
97395
70186
70435
90745
37140
18290
98971
57071
94014
43735
24500
82200
27390
50578
4620
12725
67210
67497
9426
76142
97444
80448
63192
26833
71698
96436
79675
55613
3669
92468
23062
95365
95390
5628
41930
54865
51072
7800
58317
29470
40525
45277
34002
83133
80214
95711
196
90230
88742
18380
72584
59997
29272
22887
64251
6583
29067
7613
79510
49331
90516
43093
43868
73558
23708
97671
64643
27779
67724
26443
35955
15905
13918
26818
63834
18262
9394
92114
78703
82135
29622
41873
81945
41134
41599
77083
99673
8569
90571
7310
53143
6074
42277
19366
47732
36483
3576
69051
79127
78729
33702
17714
48860
63132
70306
19099
64077
10480
93329
56239
21518
52943
2673
72712
26601
23291
33695
26272
50567
97020
78167
66462
85061
11206
46846
25659
84429
22944
10981
9180
824
11737
86753
55180
99334
53625
96399
80795
82933
83102
4394
10030
78359
7837
11551
8015
41470
29142
86600
38360
48176
408
94804
93057
85549
26547
48305
70767
26711
13735
79705
14975
75745
48503
20484
71846
68178
11989
60536
18851
16343
17927
55672
97695
82327
41340
5191
8604
59075
39392
23062
41412
73962
3950
38804
4148
71633
2063
13389
7291
47828
18935
34640
54768
89305
80101
53616
92869
488
58566
98886
41358
881
59697
82138
3287
36078
18240
36975
32491
66449
15144
77279
61861
74352
95311
27740
37188
4854
55818
64638
2978
82771
48852
73662
42942
54694
2355
16868
24994
58713
19781
37861
85319
68791
78502
88782
39232
44759
68762
72616
26058
35739
83542
25887
26783
60423
73803
15393
18256
59777
32973
64292
80827
73135
79421
31002
86236
2839
30419
2652
43076
79768
94505
66015
82143
44637
52837
95850
9555
28480
29722
3944
68054
81845
18295
19668
44968
94616
98737
77361
88718
47199
7647
62427
97330
90794
36618
36340
87363
2047
84085
5196
12933
93416
88146
36494
74112
31506
27283
85782
78466
75409
14575
57868
82372
38939
22499
12589
63823
52305
73292
71532
83870
71441
51156
71789
53781
3614
43215
97695
30949
76380
80686
97497
49216
61289
68983
13593
33105
42156
52788
50333
42673
83165
3549
70702
38299
4248
43833
82453
82648
81946
48862
5949
18339
61867
70323
17807
96081
83969
98930
63818
63064
92220
14902
96922
63034
71161
91435
64562
12182
95030
95989
86484
85511
93897
43166
61423
56373
28466
45101
3210
70404
13683
53446
23665
60233
83956
33032
56145
63070
46181
51919
50759
80551
76714
74728
18054
6674
19461
98070
41350
11472
19381
78916
32606
94741
73125
15218
13318
72656
12815
86743
60220
14923
15525
31837
66227
11412
40068
61794
9722
6153
58731
17230
2793
96406
84482
84206
43501
94336
67415
57236
22434
19412
98615
35705
44672
86856
50507
68576
73808
70593
8319
67123
49186
44925
49441
38488
81683
43823
4159
55755
27099
24389
2514
1194
56853
7323
71362
75344
11643
3420
9190
64711
87901
35478
6327
24241
48621
81780
60443
90362
87336
10613
75678
84394
51058
94935
35224
13974
78751
31869
88623
33536
12824
53727
82777
9079
23255
11933
56506
94473
3817
79757
63335
26325
62486
35981
88457
66762
84713
31130
7291
95399
22891
44397
60561
95189
60418
61810
41373
84952
28048
63318
90947
89550
62559
28259
77060
20006
86077
87957
1563
21775
58567
73404
73004
69237
35487
76323
37856
69685
70233
8622
98063
97647
32247
42049
72478
2520
74824
21642
79962
11538
5823
44850
28203
86246
55408
10761
40193
6060
47859
73096
75357
79067
75358
80653
59040
9268
27442
80040
20377
23009
89972
25457
91942
76495
5015
49607
50272
90545
22287
21434
81337
95077
85902
33324
26810
52628
73838
12690
10451
78469
12858
46691
12052
96957
89710
28979
95937
63698
43970
36894
2319
51221
97345
17512
13456
22492
47783
50765
2578
80820
85311
91797
53665
79656
55509
20452
35161
58505
85166
95087
42658
99717
33716
39819
67489
92731
67736
57462
51281
87060
68885
68499
34855
89952
90414
88750
32711
82070
36034
58738
13400
41892
93094
96448
67490
57362
11249
28531
77840
24594
22855
66423
63048
52043
27414
35483
51030
92274
58736
49342
18087
68968
42594
96048
5911
15680
16508
46805
81005
78398
18176
16042
92652
97522
78958
47769
1188
47446
22123
6761
65840
68924
4546
27183
57264
60815
89968
78839
12154
66255
60069
1103
36524
42525
10709
9104
1835
72295
79937
66779
94866
91091
44822
44660
39019
92388
43644
38367
98241
81448
24138
87519
88728
59249
71021
35180
89119
28892
20528
16914
70061
74044
28294
89935
46359
44436
73598
34467
11160
91276
33108
1177
23060
6358
82297
10617
60470
5775
11170
2143
72773
99561
25339
50763
4836
35161
83763
83788
43217
33957
78778
48975
71986
95903
50550
97816
56146
62229
80236
9201
32495
55732
3909
60542
19447
51240
94421
76395
25951
95257
98303
4508
61064
43777
15353
15882
74273
79991
18562
6596
34903
88043
64953
49884
1630
43960
71377
24330
58574
7735
70005
21734
39036
20621
70583
43530
66863
28867
38260
61465
19000
58732
39598
64526
94631
91391
5921
59809
46504
21540
49106
19949
7190
9179
19966
83623
27726
40966
92032
86875
23802
77668
10763
36530
27022
27539
4140
35456
47400
62680
8494
953
55799
78031
64197
48663
84075
47632
72691
41131
23000
5573
15324
62774
66433
55597
73790
71420
91861
32296
76720
41341
6945
17634
54032
63239
55676
35697
47611
11955
99427
95230
1342
82972
19048
3760
22915
49456
39911
53311
84276
34484
3397
5485
57975
92913
16985
1238
13589
7121
53238
41188
92656
94916
66907
12161
77637
77658
40173
37113
59427
62624
14037
64235
9629
77266
31708
47755
11533
70226
3891
73170
22060
75805
18628
91870
676
45771
33073
90041
70186
28071
34800
77315
26283
83879
97031
80841
72419
78177
3619
18249
28690
59061
71896
7904
86228
53368
22190
49435
74674
60623
77975
91665
17321
5604
16400
32802
75221
78827
23371
92633
7939
39463
97290
11303
79157
92214
94557
32065
18978
39600
41120
66728
83633
4427
52449
47908
22695
8730
77128
93946
29416
16021
80053
79815
98642
50276
7004
72053
81650
11061
25820
64464
24980
1033
18060
84683
4185
84772
77700
38668
22421
96206
96261
34662
13910
43729
26281
52430
67844
6129
80779
86954
43457
94543
60256
14750
88885
12139
86664
91541
11694
7895
32179
4075
25300
57852
73921
99649
54537
10548
25025
95770
67301
47924
92594
14885
98810
10284
297
1338
5579
44026
52711
59043
61445
87231
74086
83569
50992
80705
86252
81244
33722
64123
73476
14277
39454
91980
37287
45265
81795
51794
7927
31270
18963
68721
35469
40723
22655
59378
44984
26758
23267
99725
1922
88318
6965
4226
53068
41900
12820
3489
65253
1670
18258
38135
4016
35929
73435
73664
5543
35658
55110
25705
95136
74180
57932
21912
77551
37702
2242
44297
39683
59953
6867
4833
65838
97839
40969
6164
35966
37986
79830
1309
60914
38273
69421
50874
58338
68968
73444
41719
55158
31595
24372
4084
7351
3197
51645
22143
78495
86435
1308
36946
52793
31057
10638
8185
26180
1094
95801
61499
645
87584
80757
37024
52158
48456
17125
34150
56970
61852
86167
45723
88586
8438
92525
6163
40524
49284
76882
61724
25775
74129
57676
94716
58147
43636
94176
31072
87401
91403
49207
33956
91432
8079
27495
59627
36157
84668
32621
27845
16829
92006
99210
26810
40991
59172
72911
48866
99603
63220
45879
79296
6785
50591
1175
22581
62804
32482
59411
38983
80666
52584
5720
86144
67944
28256
1886
41893
47728
30906
4225
34548
67108
60331
64809
68436
29680
62382
62446
99302
39523
7836
64860
74519
23330
61120
60594
76668
47311
31439
87020
6121
93464
34539
94639
37718
9528
13182
18126
92067
64410
59067
78423
38089
52142
25213
70068
42610
63129
77018
30703
42923
13652
31728
32718
79685
60654
16558
12409
1633
43415
47546
4198
59832
36844
14671
88987
12952
31785
88388
74449
30434
31605
27517
85920
89448
33899
73356
61779
91383
44962
85043
63676
23141
13192
96212
85651
73410
91591
73249
7304
16056
92516
10674
51329
26828
62727
4026
50114
84695
53640
66637
82321
51799
65060
72795
68809
88076
45521
80016
68739
4731
27131
52447
5007
46714
59475
92145
93655
12351
5445
11460
50969
20004
81082
60377
63742
48909
31417
19970
98462
20055
84234
56693
35759
32123
59882
82009
65634
11930
59481
50713
62399
73519
87134
33903
52837
72972
4060
80430
85415
36190
91750
25667
97549
26702
97764
95992
35580
94734
12396
26450
93149
99118
89498
14472
49080
6022
36304
49680
70788
56036
71084
89238
29915
44183
28894
65721
128
50242
85429
32234
3953
3417
95229
51163
48757
82611
47350
41757
40676
55932
49692
94024
74252
59393
77516
53818
60090
38801
13195
84982
65510
65897
48031
1485
47706
69595
63250
40966
66164
70248
36117
37969
79011
46278
18183
46434
30054
15611
41010
65366
61801
72779
52720
96018
94365
31151
25670
98779
78691
613
75497
33568
79460
41277
28502
17869
33466
55831
86931
23358
89986
69971
29062
93184
64421
66226
51650
69265
68927
5576
61005
98990
99771
845
80614
73535
90371
54697
81298
87477
41012
42372
61796
90155
7889
5343
92773
25904
53384
9289
9478
30927
88660
94825
11626
1635
33887
68843
986
13481
78803
72643
94274
12542
53339
53168
84789
8339
34666
74399
71902
79951
81200
34551
18556
25426
73281
57720
93783
33193
1964
49439
8929
25564
31989
1697
39994
81375
64429
22359
81583
70912
77579
65391
28944
60521
72592
56348
46555
69325
88289
43160
85376
97640
25230
40218
21722
6864
4664
51551
13338
12054
12715
87731
93162
59404
82881
64313
27558
20466
30339
13405
11487
27817
38885
87047
4928
91583
36063
59684
87489
68260
6405
34142
61643
86390
98613
31215
72772
38643
23128
27659
2705
68617
80528
93273
15568
60044
21341
84913
72656
39957
93307
32250
55938
23887
8905
81219
36422
84106
31681
6681
43737
35819
5821
66566
70266
77450
36887
32726
10452
8631
9857
14089
94235
1724
953
79836
31611
28642
63210
96058
90007
88753
24472
58487
2363
26750
71150
10524
85993
72011
14040
24393
17444
85325
41451
37206
66455
4186
29161
27283
22270
61674
31715
70980
98339
32813
62158
98342
4066
4015
56810
82061
43138
23580
55109
22031
76156
70677
46775
72871
27546
77437
96947
84423
7185
29220
87651
28213
48059
55493
92257
50732
79587
32415
4317
97509
29387
25572
56279
69873
34240
37663
32870
73965
74020
77184
2787
40147
78125
52251
77533
51525
74803
35159
94560
70624
64636
58988
54313
5111
9579
70105
42808
95339
36932
17786
61240
2881
79188
11490
94908
3024
72476
5133
50669
29788
95521
3368
21087
7698
70184
87011
81800
1108
25293
80194
20838
50118
21563
20160
31747
96593
34560
68186
58341
69445
44592
50873
87652
32211
48846
34396
33790
70844
17949
71405
61326
4309
20502
94430
30450
43734
84334
80639
29162
97792
93606
9708
63934
79810
70250
37288
61155
47008
33978
21353
37222
75358
81324
81963
11570
60818
23505
49884
86739
23041
49671
67531
72593
2777
78906
28697
45498
83561
9719
20242
19800
39694
90308
55312
73413
66404
68246
25658
2225
89932
48945
27281
48238
20738
79190
76212
48696
15999
39223
78457
8169
88905
15822
8524
97172
46154
31735
15187
41341
66539
55157
32707
57925
8504
27765
65906
17522
39979
2713
55843
57647
53905
32715
70380
69740
91413
9142
44476
86622
20980
9845
34058
31801
94637
3736
98304
50472
7301
68902
34037
20075
94838
98739
95679
75853
91420
2105
72139
37616
31125
7742
84338
70391
49433
70369
87130
38515
14740
97023
77367
55868
37262
833
37267
66387
4573
52246
91170
94284
4476
26451
92394
95990
40529
63813
3949
4591
69903
83472
99939
51241
24816
82143
18905
10194
93912
50779
97669
6440
97232
43030
61351
12103
72597
74200
92761
64195
24881
17792
48984
79714
93391
96927
11504
20241
63632
76065
24232
54791
76824
9229
63115
2156
39198
62864
25097
21221
94191
50791
26897
96440
52354
69338
20904
36888
43567
87662
19280
14896
23090
32392
7502
66239
56692
5818
46397
8163
61022
23686
78124
26865
56922
19304
9524
51548
80635
57650
53834
54105
96202
48533
76468
9847
47536
6077
63469
73183
12545
23109
5063
90591
57790
16720
86875
56662
47660
56359
87732
78031
43619
53690
21524
34956
27425
88020
35577
90671
12725
64404
46997
22126
74903
33451
46423
43726
69663
10779
99942
64335
82917
75477
13978
34126
1693
2654
47409
32949
10543
38544
81380
83607
93949
83401
66345
47636
55806
95744
66871
57056
318
79455
74601
82763
88241
72887
63332
44251
15741
45509
11986
50304
3767
85211
73880
51853
3228
22338
31493
1561
9655
29854
65083
64573
21401
2020
58833
66220
3953
86005
98824
35033
24857
10677
58070
36077
44853
78844
64433
58979
83739
94175
13520
62812
89788
91832
23659
3082
54445
87449
59946
98716
54540
76548
37674
59678
42229
87617
22371
99654
91227
63051
18435
18355
29396
51812
29798
74014
11943
60120
55925
4786
15381
23603
94879
82303
80581
31587
6914
50738
96384
89639
50171
1541
73004
54778
71465
41763
21968
40290
21450
7556
5071
33601
26936
2271
33560
43142
25717
37262
54165
35720
40667
81751
17658
33766
87954
23603
84453
14887
56441
79061
98555
68988
921
93999
95408
8658
66057
63892
78596
80158
55144
28819
17891
15196
40468
31666
51621
45656
91624
79389
53918
32820
7704
98955
79721
85906
70398
60105
39821
88032
78330
48558
54829
53563
93203
19438
8946
35377
80557
50701
53129
65613
83260
80322
19235
20293
72578
44742
23847
73426
97220
3583
90511
12555
77258
50399
4686
43873
21017
60441
55159
23784
19555
22223
63105
22053
1119
50357
50121
61358
16283
48088
55775
85076
32912
5707
31503
96456
16034
60702
40967
33175
11262
52721
63443
79048
54916
48484
71069
45620
58021
9790
28518
38872
34899
96216
89870
55852
4466
6819
731
88527
42618
58972
53840
78968
72247
7257
55048
27190
14731
35026
38571
19784
17723
29966
54168
21636
79013
95170
1613
35120
70745
60431
97125
64956
27488
10661
78560
1521
24436
7431
44088
13521
3887
72379
61862
72339
72871
66281
56819
23944
94033
21847
21830
10009
34075
38522
77438
68598
98323
13965
58866
71273
20484
747
42319
93301
2210
20558
91439
30125
22863
11870
13479
27344
62623
76636
62497
15817
24281
48942
68951
55791
42543
56114
76280
43956
91469
79246
46686
13329
19419
76072
60460
54385
31585
84289
44847
93254
92021
14782
73216
56783
72448
85738
88341
93785
55601
81774
95293
37591
15858
28182
42572
59126
57242
18452
35288
35499
8445
32002
93649
26807
47385
97115
12582
44079
70959
86243
99455
44924
87674
52367
224
59762
26713
80632
62946
17663
87613
81678
74930
57581
47330
75780
76091
21510
78473
87040
60324
80228
81959
77467
7701
87194
37433
86698
87500
18786
49092
88281
94164
63816
96740
28758
48018
8740
95514
44848
37495
95740
13262
80026
99768
3407
94173
16743
81121
54041
94886
97708
19086
19811
65181
49140
62672
81003
89224
67349
31582
13596
51682
35150
26486
21209
81415
92538
7646
42609
82267
62501
10723
12199
89742
49389
19529
14141
1102
57518
68480
23820
8048
24163
13018
80969
45457
56650
92630
95846
67195
79758
48687
22184
77237
28662
58258
28399
36937
86577
39004
3861
18614
84802
78412
96091
48091
14751
12713
33546
26726
66768
62539
36366
69801
51033
90022
91806
6017
76054
71321
32899
27380
58364
79778
8738
32867
40729
70059
50800
58262
86567
38335
45276
73066
47371
27337
47021
89716
373
93898
87341
70285
94380
93859
2702
45317
71799
26925
2747
50633
18266
91074
58590
26755
58756
59458
95683
16439
33277
87962
63113
70556
2988
77461
60753
77496
77634
89734
87502
38343
7933
15818
87106
12554
17464
63387
22161
41666
41846
7954
59375
43468
39928
47001
88544
14227
70555
75329
79203
86809
52740
42151
96823
9083
35833
34634
38469
5112
37446
26967
96991
53705
36456
21215
62795
62245
47811
31766
11329
51221
60152
71320
545
46602
35362
91466
15662
97319
71635
58503
68673
67055
62066
57683
30361
23637
78243
91502
98502
50676
79372
32886
56387
87912
48301
88110
83412
60097
66442
75462
19097
61376
22801
30789
84035
98109
65544
79936
83074
46891
40019
12214
90342
77826
69681
74135
94218
60736
86500
95782
9142
43549
29329
66057
14148
97804
77575
14063
70515
36506
75195
52960
11773
65554
28752
31077
45197
62844
54529
37277
6612
24271
26480
96400
52746
76107
29951
69568
58513
8297
55836
86943
44792
81950
89107
28838
21696
17682
26066
15532
65505
83275
13353
81761
23050
87332
14133
55769
10659
41725
96727
9739
77717
29971
96808
88454
59045
66159
3423
98134
10788
61882
38146
45106
85022
99328
99986
44588
89171
87527
31786
72874
61511
81708
40711
85593
77997
29829
86536
63175
78856
67547
69975
92903
71082
95567
76077
43521
31093
4622
96146
70028
9337
16790
70622
111
21480
82838
82830
43718
60201
65807
18387
30991
1339
56862
17823
83467
85677
80940
84947
19981
87411
43865
97707
17024
62173
79401
90277
54467
24683
56642
35874
50426
21263
69358
40307
84899
15058
53101
92939
75501
43848
46840
34496
10447
53590
60999
46627
60706
33854
32247
82400
73918
30552
28806
18092
58314
52914
72484
40036
50459
14170
77392
16894
26645
55625
42172
95285
79857
32903
3586
29549
11000
29978
33593
52422
72861
99725
59563
4300
96563
76222
25121
3675
67438
68516
98052
97732
75934
17991
15891
2904
54634
93711
29642
77848
98146
33032
96790
73477
65356
47542
59052
85792
55831
33317
88179
25218
10181
29293
70709
49290
17289
64263
75147
50095
69381
53961
77894
20944
89702
73806
72153
25826
56972
68585
94944
21451
75324
9471
10618
67993
72807
77183
30338
84231
68699
77990
21847
42359
44303
67380
68339
76605
23422
89276
10914
88176
24522
46182
13907
53662
99549
77243
12781
12416
26605
48826
77715
47068
62362
10230
934
27042
1669
5409
32270
18619
79547
