73315
76963
46473
75744
9438
79640
49354
70699
99926
12787
94817
99490
34349
77281
61451
92606
32926
93571
41602
43016
45487
77666
66801
93772
50354
30636
71007
34831
83638
99428
24058
45241
97353
30450
73724
97479
87784
31263
80455
43752
89662
76090
66483
73385
40950
72206
97704
172
69930
16898
42693
85645
6881
51003
80429
60091
7970
40107
64241
59493
67582
29734
82455
44357
69031
51868
21451
20189
42290
93320
95115
5252
89958
20460
91393
50297
1980
87154
34853
19528
28085
73000
61016
59031
7881
37
55149
8800
64670
19256
66885
7061
1876
12250
46622
49400
52774
69627
57091
88843
78012
62159
78610
64500
59784
56674
71376
28381
7905
55333
31253
83338
64247
6392
94075
48910
88664
20714
61911
86212
39467
17672
28999
9805
39756
16866
84794
4654
18137
15301
7715
37545
40184
1139
67818
67723
10016
53663
23302
91402
75289
32802
97475
16801
19388
28764
64824
2143
84724
83720
34129
98831
96944
61941
43397
44640
63267
23135
83501
79573
44186
61510
45156
7747
97112
10969
2589
1378
57384
98473
14103
76816
37158
74650
71658
52484
20856
47928
43865
99179
80992
94712
39090
84724
80903
58349
52401
70392
27591
63255
91339
38367
42356
64815
10961
71278
33606
40247
11267
10676
31976
39272
29153
51323
27536
45586
11671
71986
88891
74802
29733
97346
23572
90988
6060
86300
40433
52796
616
72467
25142
64707
46028
71751
19037
4374
97583
48373
2079
66182
91347
39294
98195
77266
35262
5154
49673
28399
84744
11514
7228
3713
32002
71177
71388
97441
4918
55664
82931
41486
92018
69462
78188
69774
39549
49718
48229
97352
9648
75783
6416
97922
85608
14892
55806
32378
80103
95406
12110
19236
69982
73483
6125
86693
77319
21759
52395
19985
88810
24641
85528
76511
158
73621
49697
90858
99714
22075
99237
90334
8640
53567
4587
18641
17969
68531
15851
99995
12422
73535
87582
90824
19624
38171
23002
92630
66999
59675
65734
6413
71189
89823
6034
81564
61111
60252
90032
46700
29380
66001
29897
16186
11844
59839
36063
38194
18399
70164
46421
59980
72601
33192
78977
32292
33534
64324
33304
62715
81136
79727
77733
58221
74478
86561
41182
29323
33878
59972
14634
5324
48717
99931
81692
25168
43942
48906
3052
42430
60130
76790
21889
4816
96675
48959
2886
99271
59314
87750
67206
31673
65653
10039
94143
71332
64984
26755
58482
77744
82267
2290
28627
45022
95981
80016
38735
47083
79136
89013
58343
39273
8936
66190
95137
1616
8391
62002
64000
37732
45691
69991
23429
14059
57234
85084
21345
58583
97745
6628
31056
58816
54101
50118
78790
55001
38558
99348
11863
84290
794
33336
99286
37730
24323
58751
33144
25685
97291
19471
28950
63021
69245
70319
17580
94210
90536
45234
15548
52959
97551
78507
7984
77231
31332
8935
86555
39831
67716
8287
68828
69451
7542
39215
13833
30170
41130
91057
15222
19230
56689
40012
66473
52651
83513
41017
96276
35177
96963
28393
21426
42397
59485
10537
27758
58201
11423
26334
71552
94881
57565
34529
45261
44989
52640
7636
23569
81710
51981
14804
14158
67071
64905
79724
13997
30012
13791
60480
20786
77047
19437
77133
71667
3869
8653
41101
34057
33624
81896
53162
87144
78967
94948
96811
62616
54051
46342
83207
54831
24412
27611
30268
38931
52144
62965
21437
80715
45007
8255
81343
47591
90369
52191
66160
47801
53417
60450
16414
86873
4481
55258
79848
32828
22357
59736
20374
12420
65364
91665
71929
3473
82238
95293
86201
82113
14238
17959
63539
64873
83836
65654
81938
49319
2912
17139
83383
30936
71676
2791
19467
10050
66991
46157
18700
30090
43475
59958
18412
48370
5319
17819
25539
49999
67985
4293
70400
22342
60392
48356
90901
50501
43018
53611
49422
46424
93352
28677
36365
24608
78750
81251
83304
18601
78685
74043
81742
63759
86503
59272
41367
53509
12292
82188
64826
95928
28008
25725
96759
27517
67989
99278
90439
22397
78715
80137
46463
46194
12822
33506
49197
49630
27415
10211
17710
58053
36769
62647
39855
57369
26194
62433
76820
88781
99956
55788
56825
29084
89318
66392
36726
48207
36100
94957
2292
14647
55363
72495
6048
88357
11360
94294
25711
65427
7825
14405
20882
99043
20534
99260
44534
8566
53921
47472
92635
12914
26083
86539
56191
78946
40285
75970
64783
28173
86483
6294
7900
60996
37622
52003
86012
83528
60786
30644
18609
9227
265
48635
91302
75648
28163
90436
53816
53822
87168
58907
59573
39809
36029
70987
45921
47689
78461
46855
83781
70953
44737
14511
8982
16804
95024
86453
15280
38536
15482
65225
67302
60463
61309
91505
22607
83977
32103
48335
50107
83529
21812
74402
70433
61318
8956
94815
54447
41754
1663
42908
84671
8679
80043
55675
16699
58540
29956
52953
89851
69161
83466
86954
7209
79999
56827
62649
58416
29562
8090
22743
72512
83447
78257
71882
86945
27377
48686
83712
81424
82062
27227
65689
80305
77403
93807
50320
26669
90198
13696
90127
17044
31248
45465
76232
23904
43448
86428
29544
75193
9546
86585
41889
58300
49494
98436
90541
79656
88137
13017
8044
40045
47583
2887
30712
18403
19320
43009
50931
66642
44429
40833
80497
67278
85265
53971
11062
98322
73773
41331
90466
17216
1300
47538
67998
44548
71022
91656
35533
79896
76923
69441
71889
5600
84583
42124
96767
42041
29941
90721
42906
16228
12770
53279
26089
9152
65061
59403
59418
24975
39467
84044
22888
59573
54061
13508
79122
30771
90302
4041
49175
83800
39608
9267
80466
78559
74429
95763
7283
99869
92595
91806
3525
12235
25576
98982
75946
49049
79061
67683
90922
40097
50033
4665
23137
25476
61881
19167
51156
82583
8664
13860
26272
7437
95983
7241
97312
66903
57665
58486
93497
23516
63528
83148
94650
45507
26650
17993
12891
65066
44959
82140
10944
23975
68355
61363
33935
30570
93481
63118
3344
90925
11017
3794
50213
22100
43017
91423
12554
49405
57155
34740
91861
91534
78308
72118
54687
92491
5053
3408
51695
37371
78900
40389
60261
62352
29099
68675
2492
6749
49789
58304
14146
98145
86974
85551
409
63438
87236
78101
92124
14448
26981
75128
85684
68791
28820
40691
63822
65242
9728
65235
94788
97691
4033
21564
52341
404
48339
52482
16815
14569
51335
12270
62976
10764
78700
9500
80941
47616
73800
4908
61509
53670
16708
25513
27246
54565
35061
13489
93441
37314
71268
89614
30341
10162
70859
23003
55987
64645
92463
73719
44878
21963
87038
71878
47569
87726
10517
56408
54300
29635
33751
48482
33037
25612
87220
9845
85487
84310
37902
33215
92397
58022
51932
91786
91822
79444
54248
88073
47213
36300
95055
15107
74059
99281
73777
58796
61206
27728
53913
34530
21017
37293
77045
57069
27730
92785
79579
11537
44091
3034
461
2303
59746
78719
63768
68487
87366
97230
99518
15840
58184
24231
77153
56361
30711
73590
69050
80020
55548
32952
71484
73947
33652
21094
23838
33360
94585
98829
19862
12180
39032
21125
50744
62281
28472
88632
38424
3048
16941
70527
50791
95238
66437
38839
47304
15841
14961
10256
17179
21296
22556
8975
55724
96603
28827
26306
86455
52530
44164
56100
82318
26278
95676
98830
23446
38630
93257
31132
77281
30160
95905
67591
82900
62828
86689
51117
11887
16507
86762
26407
79891
58534
71317
91185
39709
18163
48206
51256
96283
18736
62196
66308
10696
16104
39874
37294
57411
25285
36232
24258
78686
38181
85725
76199
58532
23297
86057
96606
71900
84674
19161
22960
57873
61082
34529
47209
54778
10753
89341
74766
68532
21888
59375
12843
19874
91805
75021
62600
5787
98696
23156
22514
13842
24187
84970
94884
50892
15320
60490
5060
12803
87136
36610
21749
50580
34486
63872
13037
77575
44083
83872
6263
29309
39512
57380
47498
45365
12397
84830
25364
50406
59280
55271
23773
404
54562
5757
44031
88837
25781
37529
85341
90710
15752
1909
44446
35989
26338
8803
22674
63833
55013
39789
55588
98006
80375
3743
87873
44669
94734
7020
29007
99373
97268
12730
57022
32223
62693
68715
55022
49267
26705
13642
4434
56122
41903
89553
43576
47097
2284
60884
59955
74615
26113
66334
19240
92501
44327
93663
37419
86437
9183
40273
78496
100
63723
99515
46135
65641
95259
25468
73858
43507
64939
15658
21888
53760
82221
28096
44189
85306
53784
18755
85836
63258
10346
31575
70090
64591
87817
87378
22257
15313
75908
22086
67010
50690
85322
18372
84798
78239
83441
94475
50719
71769
73639
48217
36046
30301
47456
78037
82175
10420
69748
31963
95348
88992
20120
45790
28569
27
5522
86380
25097
68611
77039
76426
76973
32727
79967
31760
47501
51097
1427
99616
22862
90071
99643
41047
16834
52141
45612
5926
33541
19172
73164
37192
38064
9772
25463
85061
78943
70910
2857
55017
20154
1109
91116
37719
8106
79855
35822
51504
3685
33001
83426
45343
19318
55872
47918
52471
55260
57620
38313
14529
33359
85277
51330
77925
35671
32855
60249
7914
15441
35011
56281
72177
6353
51612
41377
62420
79499
26399
82824
59608
50141
4588
92142
96737
53232
54726
89217
85095
39040
31749
21947
93319
35684
24811
76107
35112
51521
89431
61530
12981
64353
66830
33889
45535
18460
38875
73831
97894
97705
33320
48335
79341
45471
76232
75363
4952
91568
3677
60647
64385
90927
52351
25081
39328
86259
9107
48180
37086
46401
19062
34602
53060
86774
89238
4715
11355
35972
92272
19892
88080
58673
53639
55712
71197
21256
34001
34405
65235
19498
49152
13706
32521
55206
35345
57441
11744
81533
36920
82500
2268
88847
85348
97143
12454
95022
97522
70276
99424
56712
38297
96298
45603
89142
60853
12802
41445
44288
7600
5449
14159
31317
85627
11185
34969
68039
74093
13032
47519
45955
40702
67317
52315
41356
73615
85494
74291
14063
2956
99226
30206
20058
72066
84039
33005
28754
34848
35910
56229
88679
42032
99873
3570
24042
55475
8978
17392
49219
53285
96825
12876
56608
19750
55510
43501
53579
93330
28426
23832
28310
14332
97847
25166
48694
13006
24262
35655
24375
48367
41003
72358
37940
90198
65835
35984
14192
62415
28725
45491
40116
99413
33982
2696
19012
9643
80029
12604
86867
62215
16864
85954
65166
28476
7514
2801
75438
90407
87237
98190
27938
65841
53696
12029
89664
27605
73635
98104
60021
32062
35596
89913
17866
76415
70689
34794
16461
88378
905
66952
74764
85569
44474
40720
19055
52766
84363
92830
43883
50855
16610
22300
47985
97415
92162
14320
37538
65570
83146
35542
5417
76177
32923
61682
32128
81670
49914
84864
30986
68676
36869
58023
11103
35241
96274
90141
21924
13933
57409
93852
96697
9745
52072
44075
184
41795
33263
81232
60429
34128
51181
72571
58580
28395
61031
11110
45714
40993
7003
52537
51699
96066
73823
79182
64467
4510
33423
40173
71139
74509
73241
68034
68661
50408
66574
52089
71985
90506
51644
39523
29417
24554
31030
90653
59753
59923
98253
89167
84038
225
66435
57854
22048
34446
40730
93047
87725
92182
96603
44842
77310
11474
81473
87735
47709
95162
83253
40095
74529
10644
27202
47318
17105
28651
43293
10927
20927
93206
69094
16456
44737
91870
95010
54886
40608
87600
88633
98914
47470
25149
73404
68973
9762
88764
32892
63941
64015
67995
46733
69352
19370
38162
27616
85189
68048
79123
44262
63850
6621
9128
5769
37346
8069
35895
43609
47103
38785
61268
41803
7917
63227
4648
79840
17747
58684
87237
30684
36478
53045
65739
81797
24755
37627
85206
41016
39232
35309
63537
91603
68395
8582
27141
37183
76598
9688
36524
81206
57638
70233
82267
51111
67084
76244
55964
95645
78073
76379
95453
6391
81180
43995
58566
85328
15378
57406
93119
19441
82829
7630
85622
87388
37983
62371
76010
26330
79876
70000
52016
84323
66721
16682
12122
22572
22951
51468
82968
34319
33191
31605
68155
14944
66561
83464
21770
47416
41685
65467
95761
89193
72177
24957
56790
34892
4777
19102
58544
27554
13284
67129
93511
15666
31389
74840
95277
23653
77948
9454
28170
57493
19880
39814
71447
47229
83975
29808
15101
91882
44052
38081
87227
29344
62539
78241
16961
66792
69426
63422
67978
1905
2581
3461
37410
94288
21044
28023
83082
79281
72790
99583
683
24031
4406
9155
49612
50528
91747
25941
93706
75475
55265
33338
93360
46169
74588
58062
27293
97903
1595
63325
5581
32766
4393
89856
15928
83743
34255
27072
56168
29642
98915
75852
29022
94584
50386
43771
9570
41856
46290
25403
74287
28664
70859
5079
55904
73814
43925
4461
43383
14595
8263
51743
77024
47467
80130
63792
49838
6985
93131
92044
57802
46871
77953
16834
87235
84661
59558
91025
45429
80739
6402
56500
11944
40336
26341
82996
94735
82348
44050
56251
72789
25846
68682
44372
15775
9912
71930
64210
79521
95286
64686
66433
81361
43782
41871
52646
90242
97486
89712
1575
55801
43879
83459
38399
64895
89588
64258
47685
16688
4514
69027
61557
50871
16950
7474
10707
28190
95127
10869
75312
96505
26961
83449
94596
66148
12768
65691
48216
43531
65333
86963
62480
97202
96719
24350
32659
93870
54177
37062
4142
38566
87400
99930
26416
63756
83639
5518
69809
27246
68178
45719
24197
38233
98848
69038
83033
80966
5945
34512
48543
37438
98116
22061
92823
22148
24367
64041
89940
26703
77074
93595
80920
18482
65974
73358
98837
60076
37575
44023
61876
5148
13571
96670
13287
15666
33385
70007
13439
47420
77096
6847
94907
51729
38740
89677
89248
95858
61479
19381
70477
13087
81075
47889
10527
67180
75127
97221
81796
16041
93945
49665
94039
42656
26635
55061
53773
75200
32400
99094
14823
49576
85190
41998
69494
95611
54337
78090
74957
21510
14142
24866
63927
94359
39758
26133
7574
1774
60214
31773
9539
6145
84032
10846
56825
95220
44155
80807
43433
24593
80244
44898
82853
41934
62197
99359
40577
39828
33124
32202
9361
78742
60417
97395
70186
70435
90745
37140
18290
98971
57071
94014
43735
24500
82200
27390
50578
4620
12725
67210
67497
9426
76142
97444
80448
63192
26833
71698
96436
79675
55613
3669
92468
23062
95365
95390
5628
41930
54865
51072
7800
58317
29470
40525
45277
34002
83133
80214
95711
196
90230
88742
18380
72584
59997
29272
22887
64251
6583
29067
7613
79510
49331
90516
43093
43868
73558
23708
97671
64643
27779
67724
26443
35955
15905
13918
26818
63834
18262
9394
92114
78703
82135
29622
41873
81945
41134
41599
77083
99673
8569
90571
7310
53143
6074
42277
19366
47732
36483
3576
69051
79127
78729
33702
17714
48860
63132
70306
19099
64077
10480
93329
56239
21518
52943
2673
72712
26601
23291
33695
26272
50567
97020
78167
66462
85061
11206
46846
25659
84429
22944
10981
9180
824
11737
86753
55180
99334
53625
96399
80795
82933
83102
4394
10030
78359
7837
11551
8015
41470
29142
86600
38360
48176
408
94804
93057
85549
26547
48305
70767
26711
13735
79705
14975
75745
48503
20484
71846
68178
11989
60536
18851
16343
17927
55672
97695
82327
41340
5191
8604
59075
39392
23062
41412
73962
3950
38804
4148
71633
2063
13389
7291
47828
18935
34640
54768
89305
80101
53616
92869
488
58566
98886
41358
881
59697
82138
3287
36078
18240
36975
32491
66449
15144
77279
61861
74352
95311
27740
37188
4854
55818
64638
2978
82771
48852
73662
42942
54694
2355
16868
24994
58713
19781
37861
85319
68791
78502
88782
39232
44759
68762
72616
26058
35739
83542
25887
26783
60423
73803
15393
18256
59777
32973
64292
80827
73135
79421
31002
86236
2839
30419
2652
43076
79768
94505
66015
82143
44637
52837
95850
9555
28480
29722
3944
68054
81845
18295
19668
44968
94616
98737
77361
88718
47199
7647
62427
97330
90794
36618
36340
87363
2047
84085
5196
12933
93416
88146
36494
74112
31506
27283
85782
78466
75409
14575
57868
82372
38939
22499
12589
63823
52305
73292
71532
83870
71441
51156
71789
53781
3614
43215
97695
30949
27301
17598
92637
63011
95533
13725
51178
17790
46197
31641
77799
40559
75197
48969
84671
13095
23598
12998
25386
68085
59984
21513
32109
98014
82444
69471
75634
70525
81404
63621
48567
33970
25047
10177
80112
34243
34681
80687
40070
66798
78255
82824
57516
91915
43464
47884
61578
6118
68583
3475
34089
61263
13195
31218
68538
65135
62008
32962
73232
31682
63055
11845
20216
50285
47960
12847
17059
93682
67154
91455
79812
35486
58721
47224
18860
5460
78169
84849
62578
72446
83090
93967
88017
11838
32192
74306
65597
46822
25042
93334
12573
26927
73854
49364
53560
80535
81957
76815
95168
44573
75524
73868
42796
95578
32534
71737
62550
45464
84980
22616
85736
41902
27611
27326
31392
53377
43395
87981
409
54946
74897
55653
35605
52161
49439
28106
48796
8043
39090
39139
58031
55914
27921
86142
4259
75379
11682
64384
57571
47049
45623
53703
3419
69450
61888
90704
9639
29602
86934
25626
36827
37457
22115
20940
21930
83681
67689
7879
52075
2892
99811
89395
51260
62288
81456
25758
75507
90338
80101
58558
6135
63928
91088
32316
79061
91960
29481
55345
18880
6895
86409
37124
26835
80257
94174
48985
48390
8661
50968
64275
58173
73743
36869
84400
80528
23092
12728
47490
3774
58562
39896
58579
32040
78535
46718
80489
6379
78842
90366
38712
73971
34148
69930
14101
35467
63110
85655
10844
64352
57326
60630
17292
10694
8176
92469
99590
68384
62321
64036
61117
34125
53392
65670
22940
61126
71399
41329
19202
91822
64584
1310
58636
81984
63526
37920
93002
89125
30482
53753
12900
97
2045
71777
70097
83707
2468
50628
30305
63527
27372
35929
51759
49131
19462
54705
15979
4387
73420
42833
37966
61489
83601
77758
49690
60942
90185
21837
78393
69719
22557
40888
60508
82875
23808
17116
28381
54428
53783
87238
86288
16025
42130
99589
98808
38372
1199
75473
557
59631
80894
21048
54903
123
94834
51895
20312
7806
16501
61379
47007
12698
68362
58519
99318
31257
12323
72230
32077
40996
26873
96187
36416
88268
93967
44105
44168
92252
9917
29255
78322
12645
4878
17387
29524
94950
4548
87939
60488
97425
56554
66594
60409
65767
79316
26127
38791
69918
1367
26443
51855
3445
49950
26298
86428
1782
39390
39787
28117
59361
51355
67312
12627
24917
67990
68592
70853
76057
84380
91973
50502
11881
90957
72490
95563
1575
77139
89727
34280
68604
25831
15675
53042
27769
61675
51187
48208
59609
82512
65949
82807
34511
84775
12464
7682
6419
77883
39009
11806
63407
38445
87441
17369
58181
4108
22921
69888
58892
33194
7910
29092
5837
10743
73697
46989
50275
19559
8710
80924
19476
64569
59375
16959
5757
39084
49152
30502
15916
16040
69219
74307
65828
96608
82789
5724
13315
50331
48980
58714
31349
59842
78223
63264
98797
94124
1476
56380
36007
324
21752
28023
63412
17176
88293
20990
99405
22703
57995
1497
76003
12321
13261
3680
42431
10996
24139
54705
55543
9045
57536
58797
72397
73470
80202
7272
32003
32748
81
90361
75736
48830
75595
40922
7513
76094
19798
91376
67955
74850
31084
34181
28582
93997
43989
26715
10311
574
80794
66020
57468
61690
79146
35767
7249
69079
9712
93873
58591
22572
56741
47929
82154
12365
8830
28901
6899
74931
93034
79824
239
73647
95929
65585
75670
79027
83220
75260
66168
342
95351
37396
56005
65757
76156
57661
53248
94003
19173
68178
95413
52062
95179
94659
81582
36397
90553
81408
25105
65429
13061
58105
27573
53786
64618
94261
21069
13128
1990
50215
99566
45981
10262
95128
151
59165
38247
20971
9171
6184
92409
23733
24446
17683
19592
69248
71818
73985
94139
22750
98917
68066
79581
80366
44815
71000
78007
88420
50810
63135
25763
41000
96800
65791
29692
40502
3299
81390
44986
68992
26614
30214
18327
18603
64875
94308
60254
94563
61280
7211
11573
73564
38339
70157
99619
8214
96016
40080
18847
34193
27714
34000
46618
31976
73398
6204
7286
32879
70274
56095
94301
50293
44844
24854
91682
38929
82857
65400
51205
80066
12713
78857
19412
72421
2691
80455
26456
59424
36870
49442
41611
84075
33410
73469
7497
47301
34575
86364
16177
48317
64804
10264
62941
50712
26284
45645
56587
71068
6596
54073
51588
57865
37479
99110
98038
9689
40166
63936
59394
50030
93737
24302
94411
88412
50986
23432
58994
5504
61490
86199
84351
7543
36698
35196
52678
52241
43559
51602
16948
857
53635
5158
51526
62893
4164
65003
73128
33990
51282
42425
54555
30658
65557
13565
79313
85095
57834
72716
70799
44414
20395
90622
95502
52051
20843
6047
20529
12977
49088
46594
28646
66973
15919
68871
30324
94537
74882
8194
82439
32075
76416
30223
54160
93298
40595
83577
98844
79455
78157
16472
44385
27704
38855
80382
92589
70178
1098
65912
48150
4246
27749
76805
17140
98956
21826
72824
87306
56873
83495
31263
40249
25648
24790
47532
16850
1378
90974
12311
89253
90310
40626
72315
83784
75130
42962
97646
47439
21225
48585
48641
21381
12921
12138
29115
18304
71949
10709
6961
62560
39964
63671
88871
11352
64968
20946
72796
44581
66205
70954
84289
66112
77114
84048
86547
96723
50881
29702
10306
51202
73206
25181
39717
98851
24707
13282
48927
312
73269
83965
90422
95468
32558
94129
20443
37425
75564
91272
90912
78300
46811
44662
1259
80516
27101
37060
37817
24142
39685
48218
50899
98159
73825
78276
93780
31319
32345
81024
18196
80784
73022
56709
19777
60026
60042
29564
20344
54068
11592
68797
23359
26253
66867
92156
26020
6644
98035
43961
10950
30131
4366
32255
14265
19810
49014
72140
39893
70924
5646
14880
68287
73653
60953
7848
77414
38572
24190
68807
27085
10813
85287
60007
91189
55458
23655
18451
20204
79568
6989
1091
19116
54405
53755
44014
56167
66936
77190
24961
21373
62918
95242
54212
49185
13832
23193
94010
59786
77670
32015
27184
29255
63939
72800
51059
50091
90966
47711
48709
55686
50408
23707
98529
59163
35455
80387
90445
83048
71324
65337
98895
96098
49325
84686
35049
95425
31314
76576
32313
97651
36052
85866
60323
98386
30472
55529
48149
28876
4365
89311
81846
89737
81493
53691
57854
59084
1294
25794
3725
22195
39926
57030
42313
1460
94956
77435
41157
55489
6210
31988
27650
74429
62575
82271
23922
90520
26442
68218
88471
8180
85129
67876
35459
17223
81746
84886
8119
79434
4980
45297
59449
9756
80965
20148
43639
32014
64731
48143
63007
8021
35105
74359
65299
38918
15238
69659
66569
602
37878
18023
27927
53840
80965
93600
80506
83586
75638
28880
1590
79273
45006
44646
37895
53418
93506
55849
77470
89046
26389
63836
41622
67052
84414
12139
15534
8327
24276
65471
96162
81766
70346
47275
65575
35340
66500
19153
6153
19510
90356
25911
99619
24544
24005
5743
79079
4745
52237
35225
23796
34631
70508
51189
14489
30726
69761
28158
85840
83338
38723
86630
19397
51688
86425
11882
63898
13024
52428
64902
98034
79070
50553
70628
5913
5538
37176
86482
41904
15641
28340
59271
7211
97014
12842
527
77456
32115
72390
84701
11222
86945
26729
89983
5049
19890
3339
49358
94187
47434
29044
62857
78258
63016
51432
6878
79312
54399
19989
53256
57136
10977
28119
89953
57809
5926
57603
82349
49947
538
94719
71339
17675
12605
70768
82187
9390
5838
62990
18403
69521
31693
48089
98321
55213
18821
55591
21557
60353
54291
28116
64523
45984
76098
63344
68794
1289
12660
64592
16538
37329
83139
80581
45356
68857
88681
57414
87223
44415
99935
18623
97805
83413
38500
27636
69168
87101
67629
63242
71498
42854
76029
43039
12654
37791
9192
90197
88888
23863
27339
34100
56571
11793
85119
7220
3569
50335
7288
2
79419
60716
42581
19130
58995
47161
53385
11805
3073
86518
51434
85158
92936
84898
6564
65672
42813
15787
26930
18507
78293
27847
48440
88965
84107
21785
6317
45258
91868
17708
64866
39545
30964
67427
49378
57777
70155
21224
81664
88836
13219
49017
58110
50124
48897
79074
6934
57437
40061
18498
86178
41910
48010
40706
77136
21729
46505
28401
49544
43823
83551
53396
3301
80414
87486
87182
762
8162
99238
64144
70814
10138
35008
34091
50871
15458
40943
35586
43371
18466
11137
17255
20119
66610
52672
48822
70296
13402
91737
32573
12139
82876
75499
57631
65377
14369
21959
41305
66951
39408
32582
96738
53179
79621
97519
62204
81801
55007
34771
55235
14359
3306
69210
56161
42482
49638
57453
80889
73968
35754
3094
74319
94055
76664
17734
16920
59287
50585
75889
72651
94711
81962
4871
12564
10060
41329
89167
65170
41954
8769
7275
94007
64823
44072
20734
20830
60137
50030
64605
29756
32210
81574
27449
27365
76911
44816
25901
53628
40715
6865
19374
46178
94430
59682
27827
27412
72793
955
75191
81159
55814
18397
86781
68901
22892
36685
67345
52311
28302
96114
97224
3594
24409
53533
35307
22566
91812
89313
2704
85293
81074
18116
39417
27405
84393
78573
14428
48135
52579
15406
65290
63926
14109
92708
18661
99988
6893
3024
22028
61560
92483
79259
77913
71432
34067
33053
99408
84489
95563
42914
16447
36053
17347
63368
56098
10615
31112
88190
90245
87456
84201
73656
43033
27256
66113
64244
3380
64841
45880
58213
58324
30754
6192
71495
5402
93260
7666
93148
75102
34268
47999
66344
76707
24403
17417
31169
33512
41803
53804
71466
51173
86241
49604
64852
69331
11335
37024
50668
14913
43308
27583
36283
31742
54298
72349
79621
2429
53001
26395
39502
41858
4688
1923
25208
88643
64786
58801
18166
85425
81640
18211
52178
58882
53695
24249
62403
24807
46734
96461
96955
29946
34604
17708
53661
48766
84618
94698
8652
38388
68572
12674
12122
64175
28206
8396
2966
34180
11281
51311
84892
86549
40518
45560
92435
29167
647
99112
26882
9543
8656
16243
43780
18608
52988
29710
93634
95797
82505
95610
5085
24407
77224
4167
13023
34772
4464
10540
97807
32255
22006
68137
85093
26091
75654
11057
80005
99709
45502
89188
88838
48149
63443
4308
65868
48691
51571
107
4028
18152
63350
29534
58887
28969
57078
68782
94097
3958
12240
38407
24256
96283
99184
62444
91899
14540
9595
93362
45896
10066
37146
96168
97254
77579
96987
55721
95930
62341
21667
56161
9669
88098
61719
58190
81422
83027
4734
497
87770
39579
72265
15004
28581
66302
95729
72663
21311
2150
29625
3217
85722
17142
37871
85030
80697
84112
65650
9843
53436
54210
17771
64666
54975
67004
73723
84538
50460
83760
83108
58764
70441
87738
64706
24077
76254
18737
92326
90058
91240
56966
59082
73215
86869
890
36965
81455
42326
45579
9352
13342
88690
73502
83707
68135
25464
46735
32930
74246
74785
46000
71221
63079
47499
91073
56271
92930
55094
74260
85279
50172
60676
17729
2624
38313
59739
99756
5310
16725
68746
96557
8133
76573
70296
86936
20651
52315
11357
68337
34560
30815
26907
26249
40712
57286
60766
96529
89129
89011
96139
19905
31407
79851
72439
94959
88147
4193
15629
98946
18841
36473
99405
40757
56980
89215
65190
66284
32052
83776
86453
55856
51992
12772
54643
69437
7346
35033
52166
88208
77286
77211
67510
98726
16266
83101
23561
41071
59595
9914
87515
57328
1504
69900
77193
3595
15838
38660
23249
1550
20931
84084
7344
61814
96310
19624
46404
3600
2996
28299
21340
31621
13043
82736
52223
6710
70663
64397
44320
13223
49371
80205
5222
70379
3948
61017
84317
25324
10206
88399
59320
24106
8440
96033
64516
3370
34652
69807
4257
58030
8850
47415
30051
42856
24920
18956
15193
19368
51597
75284
56209
90545
43008
75056
88752
10510
66561
20027
16344
98876
37687
51598
39646
1518
25421
40873
854
69819
78900
34278
15980
24404
38449
88279
87842
93663
33443
20772
92463
46370
37060
81551
41311
50124
96648
18000
59727
69986
36593
28411
88490
6566
22822
48977
31553
41435
71530
85711
27482
56609
12320
81836
44855
88682
37359
60125
93919
92254
23327
83880
28128
40360
63236
9715
85128
31532
20203
63302
34134
89995
80082
1263
22141
41452
92548
17988
36636
32736
98226
54283
27066
6571
44698
35199
50465
23082
81997
92439
83188
82190
20714
29639
37309
3840
52075
13784
63523
50935
21227
15677
50107
70286
23296
65574
76538
89407
36128
36114
81419
99523
9514
98349
43359
9925
23078
97882
34199
30568
5688
39937
43770
6938
92698
37891
26690
1948
28648
8954
50403
84250
20007
57408
84057
38754
7024
79782
29404
77105
10842
89566
20822
37822
4673
76963
21574
18458
53527
33945
58544
17218
11475
57115
12304
16918
17136
21624
17930
90679
80302
86919
14955
19277
76807
39419
78527
66329
21187
9014
43112
87313
82897
54119
49077
79963
94717
58548
26870
94961
94993
27572
15552
18941
12051
68770
56626
10403
78378
32231
30588
10283
40554
50281
72857
66933
65991
5823
19976
56209
33026
71546
74184
57443
11358
44843
28501
8807
30867
46001
30651
99042
78567
24773
22365
67337
60920
92390
9286
99874
24928
50013
4527
21372
82146
59550
93271
64131
25720
65985
89400
3836
27225
20880
64280
20131
7793
31327
59634
78689
27698
65350
47009
72655
93456
11743
68707
22672
52884
27178
7481
11088
85267
44259
920
14401
63145
37034
21300
34950
22593
83028
95388
63290
58488
55593
91754
21870
2045
68833
38281
43904
76371
10985
64608
11386
77350
22826
40905
24656
51451
7241
52678
30731
63616
50388
58081
81157
78973
32616
44895
85484
19930
89380
9114
69941
61256
18214
67208
20788
40488
17269
32609
55588
96037
43771
50004
13652
84315
21687
67968
54776
51819
29495
55831
82326
86874
12835
81839
62599
60761
54158
18322
31274
57872
69166
52686
1017
68808
62400
60773
87433
33753
52068
20550
15792
71975
62099
68533
36717
21627
46253
72982
15683
69300
22658
89170
77132
16791
63749
82739
24184
53134
95476
35507
54196
76500
29193
8061
81825
99739
84125
78365
44177
27504
30369
15862
5698
7836
75489
43109
30440
31048
72541
28901
92968
95431
13148
602
94136
16555
4427
81724
14729
98447
3836
28326
41999
93771
55659
65528
41644
8793
58767
77406
67495
3020
88200
25042
69782
63414
70659
65328
83336
15399
21020
87566
11391
57844
9803
10873
58688
88018
23543
16076
92122
69883
45769
92322
45169
50013
34882
39719
31617
1489
50144
76071
11095
99168
14326
47561
93705
78372
25228
7254
24223
61262
92152
52842
22893
52162
32615
5956
32124
46777
89578
49226
19431
52246
51422
20257
38847
32729
33015
35995
34301
1910
70742
32729
79073
66453
86264
47310
81440
66383
81222
44647
16639
20204
47547
94935
50844
93049
86204
85726
35459
66010
74682
94274
33522
76411
39372
15636
58885
48709
42404
53607
54435
87288
27173
98359
86723
27295
85030
17900
86440
99430
30620
35672
22537
71754
76606
16207
67630
18433
22099
24714
78626
3523
70566
63122
81595
10607
91862
55997
29102
96494
19794
53309
93462
57873
7371
46313
50748
82747
73417
85074
51699
95297
66596
55725
56283
16433
12039
72550
87047
42187
55760
54957
51461
94587
17805
79363
30500
75401
94376
29900
54625
13891
22722
13124
98913
41646
86282
44346
42984
5722
87388
13129
42820
93339
22952
10418
88717
23990
47622
11519
16395
45353
36936
6572
60315
8051
23267
9633
89522
50325
27792
72773
23272
17287
13120
45048
38096
35548
75400
58898
15394
11615
66574
14575
13725
29893
55108
31201
68405
315
21252
57965
41193
93691
36539
73075
28298
99446
21620
89999
12540
69989
44210
33819
77942
83560
62762
71082
99596
46944
34081
78382
2824
86730
68494
96920
82726
85179
19633
8371
85652
42147
49286
56749
31969
29530
29998
58833
27072
30038
3782
6084
69245
88477
24105
44084
24620
35870
2617
86448
84524
95056
98954
75219
56678
18627
97455
90035
92115
16111
8318
52799
69897
28577
76023
47096
45828
52129
75474
57681
87361
75893
70386
45878
89919
97023
24084
29053
94028
5343
81562
82315
9704
75101
44746
