73315
76963
46473
75744
9438
79640
49354
70699
99926
12787
94817
99490
34349
77281
61451
92606
32926
93571
41602
43016
45487
77666
66801
93772
50354
30636
71007
34831
83638
99428
24058
45241
97353
30450
73724
97479
87784
31263
80455
43752
89662
76090
66483
73385
40950
72206
97704
172
69930
16898
42693
85645
6881
51003
80429
60091
7970
40107
64241
59493
67582
29734
82455
44357
69031
51868
21451
20189
42290
93320
95115
5252
89958
20460
91393
50297
1980
87154
34853
19528
28085
73000
61016
59031
7881
37
55149
8800
64670
19256
66885
7061
1876
12250
46622
49400
52774
69627
57091
88843
78012
62159
78610
64500
59784
56674
71376
28381
7905
55333
31253
83338
64247
6392
94075
48910
88664
20714
61911
86212
39467
17672
28999
9805
39756
16866
84794
4654
18137
15301
7715
37545
40184
1139
67818
67723
10016
53663
23302
91402
75289
32802
97475
16801
19388
28764
64824
2143
84724
83720
34129
98831
96944
61941
43397
44640
63267
23135
83501
79573
44186
61510
45156
7747
97112
10969
2589
1378
57384
98473
14103
76816
37158
74650
71658
52484
20856
47928
43865
99179
80992
94712
39090
84724
80903
58349
52401
70392
27591
63255
91339
38367
42356
64815
10961
71278
33606
40247
11267
10676
31976
39272
29153
51323
27536
45586
11671
71986
88891
74802
29733
97346
23572
90988
6060
86300
40433
52796
616
72467
25142
64707
46028
71751
19037
4374
97583
48373
2079
66182
91347
39294
98195
77266
35262
5154
49673
28399
84744
11514
7228
3713
32002
71177
71388
97441
4918
55664
82931
41486
92018
69462
78188
69774
39549
49718
48229
97352
9648
75783
6416
97922
85608
14892
55806
32378
80103
95406
12110
19236
69982
73483
6125
86693
77319
21759
52395
19985
88810
24641
85528
76511
158
73621
49697
90858
99714
22075
99237
90334
8640
53567
4587
18641
17969
68531
15851
99995
12422
73535
87582
90824
19624
38171
23002
92630
66999
59675
65734
6413
71189
89823
6034
81564
61111
60252
90032
46700
29380
66001
29897
16186
11844
59839
36063
38194
18399
70164
46421
59980
72601
33192
78977
32292
33534
64324
33304
62715
81136
79727
77733
58221
74478
86561
41182
29323
33878
59972
14634
5324
48717
99931
81692
25168
43942
48906
3052
42430
60130
76790
21889
4816
96675
48959
2886
99271
59314
87750
67206
31673
65653
10039
94143
71332
64984
26755
58482
77744
82267
2290
28627
45022
95981
80016
38735
47083
79136
89013
58343
39273
8936
66190
95137
1616
8391
62002
64000
37732
45691
69991
23429
14059
57234
85084
21345
58583
97745
6628
31056
58816
54101
50118
78790
55001
38558
99348
11863
84290
794
33336
99286
37730
24323
58751
33144
25685
97291
19471
28950
63021
69245
70319
17580
94210
90536
45234
15548
52959
97551
78507
7984
77231
31332
8935
86555
39831
67716
8287
68828
69451
7542
39215
13833
30170
41130
91057
15222
19230
56689
40012
66473
52651
83513
41017
96276
35177
96963
28393
21426
42397
59485
10537
27758
58201
11423
26334
71552
94881
57565
34529
45261
44989
52640
7636
23569
81710
51981
14804
14158
67071
64905
79724
13997
30012
13791
60480
20786
77047
19437
77133
71667
3869
8653
41101
34057
33624
81896
53162
87144
78967
94948
96811
62616
54051
46342
83207
54831
24412
27611
30268
38931
52144
62965
21437
80715
45007
8255
81343
47591
90369
52191
66160
47801
53417
60450
16414
86873
4481
55258
79848
32828
22357
59736
20374
12420
65364
91665
71929
3473
82238
95293
86201
82113
14238
17959
63539
64873
83836
65654
81938
49319
2912
17139
83383
30936
71676
2791
19467
10050
66991
46157
18700
30090
43475
59958
18412
48370
5319
17819
25539
49999
67985
4293
70400
22342
60392
48356
90901
50501
43018
53611
49422
46424
93352
28677
36365
24608
78750
81251
83304
18601
78685
74043
81742
63759
86503
59272
41367
53509
12292
82188
64826
95928
28008
25725
96759
27517
67989
99278
90439
22397
78715
80137
46463
46194
12822
33506
49197
49630
27415
10211
17710
58053
36769
62647
39855
57369
26194
62433
76820
88781
99956
55788
56825
29084
89318
66392
36726
48207
36100
94957
2292
14647
55363
72495
6048
88357
11360
94294
25711
65427
7825
14405
20882
99043
20534
99260
44534
8566
53921
47472
92635
12914
26083
86539
56191
78946
40285
75970
64783
28173
86483
6294
7900
60996
37622
52003
86012
83528
60786
30644
18609
9227
265
48635
91302
75648
28163
90436
53816
53822
87168
58907
59573
39809
36029
70987
45921
47689
78461
46855
83781
70953
44737
14511
8982
16804
95024
86453
15280
38536
15482
65225
67302
60463
61309
91505
22607
83977
32103
48335
50107
83529
21812
74402
70433
61318
8956
94815
54447
41754
1663
42908
84671
8679
80043
55675
16699
58540
29956
52953
89851
69161
83466
86954
7209
79999
56827
62649
58416
29562
8090
22743
72512
83447
78257
71882
86945
27377
48686
83712
81424
82062
27227
65689
80305
77403
93807
50320
26669
90198
13696
90127
17044
31248
45465
76232
23904
43448
86428
29544
75193
9546
86585
41889
58300
49494
98436
90541
79656
88137
13017
8044
40045
47583
2887
30712
18403
19320
43009
50931
66642
44429
40833
80497
67278
85265
53971
11062
98322
73773
41331
90466
17216
1300
47538
67998
44548
71022
91656
35533
79896
76923
69441
71889
5600
84583
42124
96767
42041
29941
90721
42906
16228
12770
53279
26089
9152
65061
59403
59418
24975
39467
84044
22888
59573
54061
13508
79122
30771
90302
4041
49175
83800
39608
9267
80466
78559
74429
95763
7283
99869
92595
91806
3525
12235
25576
98982
75946
49049
79061
67683
90922
40097
50033
4665
23137
25476
61881
19167
51156
82583
8664
13860
26272
7437
95983
7241
97312
66903
57665
58486
93497
23516
63528
83148
94650
45507
26650
17993
12891
65066
44959
82140
10944
23975
68355
61363
33935
30570
93481
63118
3344
90925
11017
3794
50213
22100
43017
91423
12554
49405
57155
34740
91861
91534
78308
72118
54687
92491
5053
3408
51695
37371
78900
40389
60261
62352
29099
68675
2492
6749
49789
58304
14146
98145
86974
85551
409
63438
87236
78101
92124
14448
26981
75128
85684
68791
28820
40691
63822
65242
9728
65235
94788
97691
4033
21564
52341
404
48339
52482
16815
14569
51335
12270
62976
10764
78700
9500
80941
47616
73800
4908
61509
53670
16708
25513
27246
54565
35061
13489
93441
37314
71268
89614
30341
10162
70859
23003
55987
64645
92463
73719
44878
21963
87038
71878
47569
87726
10517
56408
54300
29635
33751
48482
33037
25612
87220
9845
85487
84310
37902
33215
92397
58022
51932
91786
91822
79444
54248
88073
47213
36300
95055
15107
74059
99281
73777
58796
61206
27728
53913
34530
21017
37293
77045
57069
27730
92785
79579
11537
44091
3034
461
2303
59746
78719
63768
68487
87366
97230
99518
15840
58184
24231
77153
56361
30711
73590
69050
80020
55548
32952
71484
73947
33652
21094
23838
33360
94585
98829
19862
12180
39032
21125
50744
62281
28472
88632
38424
3048
16941
70527
50791
95238
66437
38839
47304
15841
14961
10256
17179
21296
22556
8975
55724
96603
28827
26306
86455
52530
44164
56100
82318
26278
95676
98830
23446
38630
93257
31132
77281
30160
95905
67591
82900
62828
86689
51117
11887
16507
86762
26407
79891
58534
71317
91185
39709
18163
48206
51256
96283
18736
62196
66308
10696
16104
39874
37294
57411
25285
36232
24258
78686
38181
85725
76199
58532
23297
86057
96606
71900
84674
19161
22960
57873
61082
34529
47209
54778
10753
89341
74766
68532
21888
59375
12843
19874
91805
75021
62600
5787
98696
23156
22514
13842
24187
84970
94884
50892
15320
60490
5060
12803
87136
36610
21749
50580
34486
63872
13037
77575
44083
83872
6263
29309
39512
57380
47498
45365
12397
84830
25364
50406
59280
55271
23773
404
54562
5757
44031
88837
25781
37529
85341
90710
15752
1909
44446
35989
26338
8803
22674
63833
55013
39789
55588
98006
80375
3743
87873
44669
94734
7020
29007
99373
97268
12730
57022
32223
62693
68715
55022
49267
26705
13642
4434
56122
41903
89553
43576
47097
2284
60884
59955
74615
26113
66334
19240
92501
44327
93663
37419
86437
9183
40273
78496
100
63723
99515
46135
65641
95259
25468
73858
43507
64939
15658
21888
53760
82221
28096
44189
85306
53784
18755
85836
63258
10346
31575
70090
64591
87817
87378
22257
15313
75908
22086
67010
50690
85322
18372
84798
78239
83441
94475
50719
71769
73639
48217
36046
30301
47456
78037
82175
10420
69748
31963
95348
88992
20120
45790
28569
27
5522
86380
25097
68611
77039
76426
76973
32727
79967
31760
47501
51097
1427
99616
22862
90071
99643
41047
16834
52141
45612
5926
33541
19172
73164
37192
38064
9772
25463
85061
78943
70910
2857
55017
20154
1109
91116
37719
8106
79855
35822
51504
3685
33001
83426
45343
19318
55872
47918
52471
55260
57620
38313
14529
33359
85277
51330
77925
35671
32855
60249
7914
15441
35011
56281
72177
6353
51612
41377
62420
79499
26399
82824
59608
50141
4588
92142
96737
53232
54726
89217
85095
39040
31749
21947
93319
35684
24811
76107
35112
51521
89431
61530
12981
64353
66830
33889
45535
18460
38875
73831
97894
97705
33320
48335
79341
45471
76232
75363
4952
91568
3677
60647
64385
90927
52351
25081
39328
86259
9107
48180
37086
46401
19062
34602
53060
86774
89238
4715
11355
35972
92272
19892
88080
58673
53639
55712
71197
21256
34001
34405
65235
19498
49152
13706
32521
55206
35345
57441
11744
81533
36920
82500
2268
88847
85348
97143
12454
95022
97522
70276
99424
56712
38297
96298
45603
89142
60853
12802
41445
44288
7600
5449
14159
31317
85627
11185
34969
68039
74093
13032
47519
45955
40702
67317
52315
41356
73615
85494
74291
14063
2956
99226
30206
20058
72066
84039
33005
28754
34848
35910
56229
88679
42032
99873
3570
24042
55475
8978
17392
49219
53285
96825
12876
56608
19750
55510
43501
53579
93330
28426
23832
28310
14332
97847
25166
48694
13006
24262
35655
24375
48367
41003
72358
37940
90198
65835
35984
14192
62415
28725
45491
40116
99413
33982
2696
19012
9643
80029
12604
86867
62215
16864
85954
65166
28476
7514
2801
75438
90407
87237
98190
27938
65841
53696
12029
89664
27605
73635
98104
60021
32062
35596
89913
17866
76415
70689
34794
16461
88378
905
66952
74764
85569
44474
40720
19055
52766
84363
92830
43883
50855
16610
22300
47985
97415
92162
14320
37538
65570
83146
35542
5417
76177
32923
61682
32128
81670
49914
84864
30986
68676
36869
58023
11103
35241
96274
90141
21924
13933
57409
93852
96697
9745
52072
44075
184
41795
33263
81232
60429
34128
51181
72571
58580
28395
61031
11110
45714
40993
7003
52537
51699
96066
73823
79182
64467
4510
33423
40173
71139
74509
73241
68034
68661
50408
66574
52089
71985
90506
51644
39523
29417
24554
31030
90653
59753
59923
98253
89167
84038
225
66435
57854
22048
34446
40730
93047
87725
92182
96603
44842
77310
11474
81473
87735
47709
95162
83253
40095
74529
10644
27202
47318
17105
28651
43293
10927
20927
93206
69094
16456
44737
91870
95010
54886
40608
87600
88633
98914
47470
25149
73404
68973
9762
88764
32892
63941
64015
67995
46733
69352
19370
38162
27616
85189
68048
79123
44262
63850
6621
9128
5769
37346
8069
35895
43609
47103
38785
61268
41803
7917
63227
4648
79840
17747
58684
87237
30684
36478
53045
65739
81797
24755
37627
85206
41016
39232
35309
63537
91603
68395
8582
27141
37183
76598
9688
36524
81206
57638
70233
82267
51111
67084
76244
55964
95645
78073
76379
95453
6391
81180
43995
58566
85328
15378
57406
93119
19441
82829
7630
85622
87388
37983
62371
76010
26330
79876
70000
52016
84323
66721
16682
12122
22572
22951
51468
82968
34319
33191
31605
68155
14944
66561
83464
21770
47416
41685
65467
95761
89193
72177
24957
56790
34892
4777
19102
58544
27554
13284
67129
93511
15666
31389
74840
95277
23653
77948
9454
28170
57493
19880
39814
71447
47229
83975
29808
15101
91882
44052
38081
87227
29344
62539
78241
16961
66792
69426
63422
67978
1905
2581
3461
37410
94288
21044
28023
83082
79281
72790
99583
683
24031
4406
9155
49612
50528
91747
25941
93706
75475
55265
33338
93360
46169
74588
58062
27293
97903
1595
63325
5581
32766
4393
89856
15928
83743
34255
27072
56168
29642
98915
75852
29022
94584
50386
43771
9570
41856
46290
25403
74287
28664
70859
5079
55904
73814
43925
4461
43383
14595
8263
51743
77024
47467
80130
63792
49838
6985
93131
92044
57802
46871
77953
16834
87235
84661
59558
91025
45429
80739
6402
56500
11944
40336
26341
82996
94735
82348
44050
56251
72789
25846
68682
44372
15775
9912
71930
64210
79521
95286
64686
66433
81361
43782
41871
52646
90242
97486
89712
1575
55801
43879
83459
38399
64895
89588
64258
47685
16688
4514
69027
61557
50871
16950
7474
10707
28190
95127
10869
75312
96505
26961
83449
94596
66148
12768
65691
48216
43531
65333
86963
62480
97202
96719
24350
32659
93870
54177
37062
4142
38566
87400
99930
26416
63756
83639
5518
69809
27246
68178
45719
24197
38233
98848
69038
83033
80966
5945
34512
48543
37438
98116
22061
92823
22148
24367
64041
89940
26703
77074
93595
80920
18482
65974
73358
98837
60076
37575
44023
61876
5148
13571
96670
13287
15666
33385
70007
13439
47420
77096
6847
94907
51729
38740
89677
89248
95858
61479
19381
70477
13087
81075
47889
10527
67180
75127
97221
81796
16041
93945
49665
94039
42656
26635
55061
53773
75200
32400
99094
14823
49576
85190
41998
69494
95611
54337
78090
74957
21510
14142
24866
63927
94359
39758
26133
7574
1774
60214
31773
9539
6145
84032
10846
56825
95220
44155
80807
43433
24593
80244
44898
82853
41934
62197
99359
40577
39828
33124
32202
9361
78742
60417
97395
70186
70435
90745
37140
18290
98971
57071
94014
43735
24500
82200
27390
50578
4620
12725
67210
67497
9426
76142
97444
80448
63192
26833
71698
96436
79675
55613
3669
92468
23062
95365
95390
5628
41930
54865
51072
7800
58317
29470
40525
45277
34002
83133
80214
95711
196
90230
88742
18380
72584
59997
29272
22887
64251
6583
29067
7613
79510
49331
90516
43093
43868
73558
23708
97671
64643
27779
67724
26443
35955
15905
13918
26818
63834
18262
9394
92114
78703
82135
29622
41873
81945
41134
41599
77083
99673
8569
90571
7310
53143
6074
42277
19366
47732
36483
3576
69051
79127
78729
33702
17714
48860
63132
70306
19099
64077
10480
93329
56239
21518
52943
2673
72712
26601
23291
33695
26272
50567
97020
78167
66462
85061
11206
46846
25659
84429
22944
10981
9180
824
11737
86753
55180
99334
53625
96399
80795
82933
83102
4394
10030
78359
7837
11551
8015
41470
29142
86600
38360
48176
408
94804
93057
85549
26547
48305
70767
26711
13735
79705
14975
75745
48503
20484
71846
68178
11989
60536
18851
16343
17927
55672
97695
82327
41340
5191
8604
59075
39392
23062
41412
73962
3950
38804
4148
71633
2063
13389
7291
47828
18935
34640
54768
89305
80101
53616
92869
488
58566
98886
41358
881
59697
82138
3287
36078
18240
36975
32491
66449
15144
77279
61861
74352
95311
27740
37188
4854
55818
64638
2978
82771
48852
73662
42942
54694
2355
16868
24994
58713
19781
37861
85319
68791
78502
88782
39232
44759
68762
72616
26058
35739
83542
25887
26783
60423
73803
15393
18256
59777
32973
64292
80827
73135
79421
31002
86236
2839
30419
2652
43076
79768
94505
66015
82143
44637
52837
95850
9555
28480
29722
3944
68054
81845
18295
19668
44968
94616
98737
77361
88718
47199
7647
62427
97330
90794
36618
36340
87363
2047
84085
5196
12933
93416
88146
36494
74112
31506
27283
85782
78466
75409
14575
57868
82372
38939
22499
12589
63823
52305
73292
71532
83870
71441
51156
71789
53781
3614
43215
97695
30949
89381
9529
70034
80752
65045
95402
82534
30731
85130
4130
28292
17868
95256
40384
54334
70597
82108
80925
62179
82491
76121
27396
36992
23018
59391
40070
76111
6864
11224
61000
78494
46336
7902
25631
4742
15886
99232
74805
82801
46275
60161
82746
25646
4100
88058
63737
38479
46893
75325
86605
82676
33838
86168
64020
23793
74455
45453
44503
60113
74043
28870
53577
40982
48080
78499
12263
52687
79427
76067
44405
83832
57890
99498
62063
35838
2665
50159
47260
9119
67772
53405
23989
84063
32307
48242
94173
81481
83519
71018
26398
84244
75677
21748
25197
36303
2347
2592
58752
293
99205
78509
84103
54789
90224
79075
46065
7769
2003
20474
9715
54757
70257
49490
86434
20526
98851
7343
66939
47319
25781
68638
98438
35259
10425
17948
56288
68625
95963
68596
92108
63742
44918
13272
91833
48348
12601
9729
18114
72128
50622
41196
64489
38796
43376
63918
97475
66233
45228
32110
53501
29363
58412
30606
24262
1272
29727
3086
41577
67135
62274
51090
23067
57717
52828
66956
38555
73732
44905
27893
87814
3969
90688
43221
54868
29129
45759
93775
98454
3193
21070
70658
25924
19532
52173
88881
51603
29311
285
56417
9876
78278
92296
47504
30935
98824
2814
54111
57485
48535
93823
5
91706
78186
87316
9565
90382
79066
21326
84818
82545
35621
83628
53804
99262
73942
47586
72868
84613
55206
95603
25641
4566
81644
87014
74602
75421
17710
11714
71590
42457
70703
70394
97165
97266
25355
27898
29261
78964
1036
55801
69641
80622
8853
71646
87784
96379
65902
36990
24808
49198
3780
66290
95943
55541
39612
8839
24281
94935
57753
42085
12650
97274
39403
88760
40861
72862
40456
62073
69436
62930
61226
99837
40720
69157
34745
30765
8489
36130
89621
69531
14027
79375
83577
64081
30166
83252
57189
2541
57031
34418
34742
21022
6302
28099
97440
8431
18010
98854
54139
98231
12842
62325
54010
73673
23249
32012
51997
53905
95226
10229
98557
11639
37317
2637
95947
5009
35929
51331
20394
34022
80339
9704
89997
78519
85534
18428
58599
3805
35723
18376
61641
79877
23873
97749
79508
96595
13428
67268
47433
89155
72925
60144
19280
59314
96356
32194
39807
73078
13493
64595
24238
90345
78385
75204
79218
32588
94683
46443
16553
22359
31340
50758
4091
29781
41003
94286
60782
21054
81802
15794
31573
51928
54530
6606
18810
81777
47623
12587
45585
44650
61075
79844
85914
73771
4268
62220
45821
22693
98435
26941
45144
43689
44790
38793
27017
36129
17468
45828
84844
6064
85329
89444
60617
73319
27655
42387
75075
28575
61722
15090
41008
89493
43322
53336
43339
51977
31688
2522
82475
22273
51634
80882
56674
28461
78285
24015
73333
13568
41793
18280
98558
72339
46283
18495
2669
82468
69310
8357
20922
70036
92112
24541
35779
98010
8905
45312
18901
34530
55256
15569
41108
71341
49680
25585
86831
45341
64442
61192
66757
52697
9775
15604
49263
41333
98477
36012
39711
67903
2566
92388
10266
47679
46441
34643
9385
45448
23780
23714
94604
66761
74090
83403
46547
49819
97253
55549
87539
42285
23577
74822
12370
16919
40223
56592
10731
95717
4147
45766
58086
91674
43290
5778
13607
63296
48702
70158
76634
20902
41231
56886
74500
20162
1577
63344
49992
20015
42486
75188
74207
88601
87630
89057
76657
7715
48262
31974
53843
23794
25644
9004
65848
36272
84437
97492
65684
16179
27817
60443
19482
33994
92147
25600
32885
2253
29938
75679
97902
87976
87390
36467
22182
50062
24885
19065
94693
96432
2539
51712
26209
48289
41353
99208
181
23291
84831
41492
12266
93887
2143
43781
29128
52630
57031
84384
20535
99583
82691
85784
85468
5494
93259
76291
18692
20332
69679
43438
63893
46209
14009
21072
70192
33513
37944
37799
2362
13419
34713
52945
92153
86445
23928
97353
60861
16785
23554
95956
7026
95757
87833
11292
6637
32867
76123
20195
28929
94082
29938
43690
26518
66541
58420
15581
33001
87956
42509
78943
45361
3025
68226
99558
42179
64711
49349
87882
81714
84837
757
8258
31527
16852
99828
53225
53204
71555
59477
12779
30615
99693
52326
21507
95154
54613
72668
50328
67507
67258
27833
55004
65660
46231
2688
98278
22957
56017
18324
16760
63433
20900
22199
68096
37961
43073
77196
36148
18892
29248
45058
1077
14222
3443
99562
95016
79032
76020
93590
48612
58760
39176
10973
48716
85168
73533
6280
43788
13610
25476
70318
71861
27417
84556
97968
62585
7175
82074
16877
76539
78697
58098
29253
32214
33890
53839
35525
60121
76315
59478
40043
10535
64792
52876
60934
59556
17640
2982
63288
41373
79037
65808
97177
88047
26022
804
49877
69419
27635
51630
78837
76772
68632
34171
94780
96975
20456
94776
97442
82979
35351
63111
42915
2600
93375
38458
52142
51969
94336
63691
21337
54529
74053
38908
61931
68774
35558
61583
88749
7436
94206
69346
85074
47747
93217
60607
33898
76142
61483
32426
46149
89702
51282
63652
13508
12450
35284
9276
61462
63223
90902
58103
97857
70158
48734
70599
6364
80145
63753
60224
33552
53829
99853
43860
64340
94304
40139
464
20295
61604
40388
86793
97793
62796
74415
50548
49689
15927
90531
88912
21477
34614
74884
87403
56519
5185
15257
97128
77563
26812
15317
48692
79122
28151
93831
72558
40822
6843
76727
41959
31888
89055
31611
97701
16082
58966
10488
15163
98164
82524
21832
33073
12409
26599
37428
97667
59984
82874
95712
33184
6145
73443
9853
1069
31989
80785
39372
77307
79405
72173
97918
19427
67075
82391
95526
26314
84611
54743
580
43533
34525
83638
83009
38811
8649
50927
28357
68717
76326
17374
47086
7249
76797
27865
29561
23851
64643
44852
19697
38388
28759
67063
67656
61717
27655
82134
80271
9995
23930
29956
25596
2898
13082
44838
89303
79654
48388
98613
63990
75567
7387
59101
66279
25112
49063
18680
97916
32226
71102
98152
42860
24679
24932
20816
6772
89434
82080
34884
21401
60392
36045
88644
63112
6713
85253
38160
7672
9868
52364
92311
8715
81259
28124
30471
24025
23678
70744
86585
27992
72101
8655
83334
66779
52324
79257
5943
14123
63239
35959
35282
2338
95216
41162
82119
73797
89261
28033
46556
91886
70658
27576
71761
1367
81349
62904
6752
32516
16982
26130
8634
31111
75217
64810
69201
65693
30263
10086
50011
17734
83641
27741
16536
38371
22752
41375
60733
24489
13897
62736
81242
45680
17558
79543
24914
46673
44002
11499
69831
32267
97375
88585
59685
71034
74664
74172
84198
87350
61014
8721
83901
80243
81767
56572
20003
98327
18584
32762
64296
22436
94202
3095
13904
75743
76642
65989
74208
37820
25346
34301
7523
76631
65623
24988
9698
60110
53948
86413
32896
62376
34482
47554
27236
1795
47004
85460
97492
67211
48459
58651
12141
59612
68469
92437
34745
45269
76934
44796
6789
70831
4354
35243
14913
57854
3549
11502
47979
19262
6020
61388
2067
90411
18670
98322
84797
39461
59830
74419
98508
24601
84930
18187
10742
44892
70068
25584
37483
81985
34141
49956
61515
1981
34893
84987
51527
25510
24103
76983
29741
22158
67179
22801
20994
33710
69982
27192
49786
47690
68082
60282
88395
44602
78351
50647
90745
82944
27176
80871
35776
50814
26544
70402
98201
15710
95539
23987
36352
6297
28058
96885
98428
94680
74216
17879
32136
43646
21706
20957
65825
52535
80170
89975
64302
44202
52975
18916
63694
3788
58561
15899
17934
92489
82657
16667
18763
35623
24699
83908
7924
73732
97541
13365
24214
73690
12254
12331
2588
93885
45889
37020
26437
36
30182
74905
46569
99192
69514
79955
79645
25358
93443
40864
73629
41902
33569
5338
17316
5023
31284
35946
5315
28265
7216
79212
56393
6922
55875
69740
73512
34719
51073
28295
27642
60858
81596
62333
49837
9961
45860
42157
8348
52350
40063
38813
42430
37302
68450
70486
22724
76901
30454
78054
34453
23478
21749
39407
81421
77936
69219
7089
28233
60343
39659
57901
50929
99409
54606
74104
53922
1118
3033
41880
37912
91024
27832
67668
45649
15648
55118
8731
83312
85324
41654
1202
87834
74256
27008
41882
56345
62951
55327
84674
95902
15782
34482
37503
54743
5436
17042
91230
47645
86043
50483
15772
66941
89886
53152
39999
92871
17225
18770
2492
60637
38053
60969
61739
28295
47661
80567
53486
22732
38349
50783
21800
14871
10018
9767
65533
45893
5539
49962
69937
65953
37852
4771
89443
62068
72754
91186
98685
92111
52535
82136
16961
13166
4994
47074
43842
20433
53359
86417
56911
15202
39834
83255
11441
19162
32774
92453
3439
68221
19065
61077
69257
29932
93309
29590
19642
17745
75293
55470
26245
98054
19221
75649
85688
5680
39261
6241
1233
90891
88965
13198
71486
20207
4300
97942
98784
67364
60509
22841
86855
29150
20661
44659
74522
54012
26023
87268
444
88705
18050
82767
22841
77565
16058
75393
58266
13058
18921
26441
67299
66758
88974
63657
72903
37959
19835
20278
78339
36103
72762
7356
56390
27939
94884
98875
556
21180
65970
81133
18058
84598
66730
36630
84219
70658
58132
79845
76389
53415
83870
53079
85484
96960
62665
47752
81487
55811
11896
8651
96187
25789
35893
94615
74446
45852
13202
61119
68869
92347
2870
86840
19952
63280
85522
6495
63336
1663
89287
37700
46543
66989
17011
56853
45519
48817
55781
20284
53890
80277
49610
35396
95790
83918
86326
45893
35247
28976
91311
72011
16928
78615
93774
16184
11898
70875
23800
63776
48880
49471
68812
18812
39656
67243
15291
89415
86692
34974
1493
92402
87671
4290
7170
61254
18938
4303
1216
75328
77296
31835
54211
90306
98052
57249
8530
19907
58919
30001
15914
28824
9621
42199
9980
91422
92964
93908
97913
57851
11299
60738
2087
16532
48655
45643
87915
53916
32721
18653
42051
43541
56165
72431
2748
41658
90292
76690
19977
80789
75409
52395
18567
22831
30142
14514
13256
35133
33250
40368
21103
22503
90154
17247
34316
17759
20800
8138
35276
76441
4391
65337
91971
8585
99709
80458
19724
10093
78715
81785
66976
23427
70006
32203
44811
75432
28380
94357
14859
59794
80485
63788
34139
19752
37229
18160
64450
3966
24779
89327
19917
10679
55988
8152
48182
69193
52613
60101
99163
14965
29036
23535
35626
95733
99609
55375
64076
78483
54421
50926
65273
79234
80614
79546
64752
87553
62438
37172
96215
90303
82707
93130
22143
24355
79745
46409
24879
50843
26814
11544
95700
47518
17747
73607
34668
50888
1687
21199
29177
43468
38128
83295
59444
28970
16778
70517
7295
97193
95125
97440
3893
59157
8988
28902
84536
14625
99901
7164
9028
94833
90167
76995
25012
55778
69584
38289
45275
3731
64388
4595
2881
74640
32588
37470
43736
55250
55454
93287
52884
8102
74399
62253
82709
85840
33068
68612
68689
76864
67794
72142
38022
62882
81304
52215
7465
29370
24515
33003
37715
97412
40417
17858
39990
82832
36368
30075
71019
51653
95434
33194
21965
91999
51043
83950
41521
40576
95670
56868
14846
77641
49184
54479
62483
14462
79562
38326
15981
89997
15646
2893
60799
53011
47193
84096
26538
48594
15983
20297
91517
33455
55652
92410
12093
43651
95138
16887
17270
23313
89405
55136
24583
25403
32583
80859
28923
34614
29876
63875
41762
83864
21438
19847
66518
21828
44607
26140
93786
96261
3332
28391
13138
29149
97361
20853
52673
9727
66560
42721
81172
63239
44938
83941
28829
17128
83038
49778
89625
36199
16307
53859
89130
55848
60707
37506
92396
44147
56792
79716
61461
7675
47072
74857
83224
5293
8286
6678
31091
29536
84559
90061
76739
98586
1123
30552
70672
33012
82601
46790
45814
6325
1151
49032
62161
2889
81621
35831
94793
90921
57380
39990
49916
9214
47249
93211
33972
97766
18155
11719
26115
83405
24512
65222
33934
65787
26864
35005
68168
15252
67188
32200
62281
35743
5433
29700
29986
26545
1494
77457
88777
81307
12764
65123
85935
64280
56880
43714
49074
41824
59010
84407
32209
83667
49597
87610
64278
26615
6881
17025
49253
50961
68461
1405
36298
19099
73026
65806
69040
77216
53536
41112
80583
35400
42850
35536
84666
33574
44727
8079
3513
81030
90231
25969
79492
93521
43875
67416
14159
51589
52294
55916
61904
54407
23253
85085
66099
1788
97063
98185
82827
29362
94039
23921
93954
97044
24750
23218
14578
59845
22777
38283
39851
87030
77634
49823
83704
9917
67010
67101
37489
31208
7581
22653
3289
34345
55576
82605
65872
88652
33556
48875
90567
56714
59282
38907
8453
81256
10727
11018
29908
36221
84048
14061
68062
44242
7809
79282
66581
4253
1981
41541
85067
79559
27465
88182
6865
57765
84517
25876
37701
56010
38024
5617
55138
55623
44014
84103
87629
92408
49595
62250
91391
53315
55407
49317
81361
16395
31953
28522
34780
88600
7381
27670
52729
74005
9156
4563
43815
19245
70250
56932
57914
74434
50045
70908
79325
69277
88874
38641
81511
92826
18204
81551
91483
4419
97938
56054
66577
88645
41458
21477
38089
72585
1269
33646
92685
55703
9587
75978
62934
57160
21189
56604
46149
7788
43653
25267
39029
40959
13899
65991
75966
46953
83007
38108
32418
51944
96006
83688
53647
78025
784
51537
62097
15502
62344
33180
75594
15710
41201
32557
78413
91716
60411
34819
34993
85336
20348
89302
95765
72148
54660
9305
78239
53025
21483
68710
88481
6634
29592
49458
72883
32900
85293
44500
69023
62353
4053
134
94921
5377
50816
8948
68740
4037
54714
76651
12892
15910
28445
33631
9336
98968
76489
20025
39545
76473
71297
18559
89724
86710
53648
6869
51200
78370
44177
46839
797
7119
29777
95447
17937
78815
68332
5517
92433
45680
9069
30209
86173
78089
56906
33954
25085
7226
68357
17768
17921
57640
60291
40337
16301
20564
11878
442
73303
69642
53328
29538
93227
33827
71157
34753
61541
97585
92761
91201
68599
27488
72126
57947
30252
61935
15659
33294
13175
1899
70918
84198
95335
28153
14833
4338
135
22295
16132
25239
23172
91939
51286
17007
77611
87775
33224
28007
72618
20074
56821
45981
49887
50988
69560
59647
1270
18829
56366
33392
32544
54744
84897
78013
29451
72401
78543
31994
45317
8257
64017
82673
79220
29270
9247
20880
87148
3842
59727
42584
67348
8452
99491
42895
50024
99290
99675
39067
47575
88152
82607
14240
43445
80998
36537
30616
95769
52745
60125
72744
18324
79070
88458
57137
73306
82701
24327
2222
60611
43114
3517
63507
20208
30297
93602
45911
27191
20989
98322
22031
48208
43664
44309
2133
41149
73024
54898
77932
19323
53096
75588
72394
68676
25849
45164
11002
75454
84345
14832
84490
90670
3239
25629
70915
42622
38294
86238
67578
17219
64870
2478
68569
58054
85735
45768
34320
9862
29857
57395
6886
64679
1860
72001
78392
43702
16353
58470
11458
64248
19062
56688
72422
74973
54948
20732
40011
45109
87433
15086
75681
63401
26678
34009
31032
16920
1074
66100
63426
39921
43141
68426
87177
20545
4202
92344
12040
55589
55492
80591
24575
942
61907
89930
27930
53195
85202
68841
25555
5815
2828
14920
6944
65710
82560
94584
61157
89981
36680
91781
80820
50033
48985
70907
54181
47666
18145
92163
15952
22620
47451
75515
38734
3716
14183
84712
69898
45654
82812
28120
98786
12993
60912
28613
9509
52944
18917
53544
23479
14707
65453
10204
18219
76024
91709
39329
28547
17618
7931
80277
10683
72808
19266
22842
19279
48390
3228
25043
61300
75900
78008
65259
83786
64330
5574
15213
64752
6833
60519
95887
13340
73517
15088
99817
57296
5954
1952
23257
48140
28013
25684
39633
42102
79828
77027
60308
42617
82296
75491
96478
37650
63358
20222
49486
18977
60466
12552
29780
23260
61859
56691
57503
18125
64353
18398
6938
26442
6584
27950
49840
3402
86792
14959
60938
10043
70438
99563
74897
4186
1850
5198
15610
38166
46160
29796
76032
19416
36083
91830
40553
60440
47305
90711
97607
31659
20784
44092
77468
17548
17656
50363
