73315
76963
46473
75744
9438
79640
49354
70699
99926
12787
94817
99490
34349
77281
61451
92606
32926
93571
41602
43016
45487
77666
66801
93772
50354
30636
71007
34831
83638
99428
24058
45241
97353
30450
73724
97479
87784
31263
80455
43752
89662
76090
66483
73385
40950
72206
97704
172
69930
16898
42693
85645
6881
51003
80429
60091
7970
40107
64241
59493
67582
29734
82455
44357
69031
51868
21451
20189
42290
93320
95115
5252
89958
20460
91393
50297
1980
87154
34853
19528
28085
73000
61016
59031
7881
37
55149
8800
64670
19256
66885
7061
1876
12250
46622
49400
52774
69627
57091
88843
78012
62159
78610
64500
59784
56674
71376
28381
7905
55333
31253
83338
64247
6392
94075
48910
88664
20714
61911
86212
39467
17672
28999
9805
39756
16866
84794
4654
18137
15301
7715
37545
40184
1139
67818
67723
10016
53663
23302
91402
75289
32802
97475
16801
19388
28764
64824
2143
84724
83720
34129
98831
96944
61941
43397
44640
63267
23135
83501
79573
44186
61510
45156
7747
97112
10969
2589
1378
57384
98473
14103
76816
37158
74650
71658
52484
20856
47928
43865
99179
80992
94712
39090
84724
80903
58349
52401
70392
27591
63255
91339
38367
42356
64815
10961
71278
33606
40247
11267
10676
31976
39272
29153
51323
27536
45586
11671
71986
88891
74802
29733
97346
23572
90988
6060
86300
40433
52796
616
72467
25142
64707
46028
71751
19037
4374
97583
48373
2079
66182
91347
39294
98195
77266
35262
5154
49673
28399
84744
11514
7228
3713
32002
71177
71388
97441
4918
55664
82931
41486
92018
69462
78188
69774
39549
49718
48229
97352
9648
75783
6416
97922
85608
14892
55806
32378
80103
95406
12110
19236
69982
73483
6125
86693
77319
21759
52395
19985
88810
24641
85528
76511
158
73621
49697
90858
99714
22075
99237
90334
8640
53567
4587
18641
17969
68531
15851
99995
12422
73535
87582
90824
19624
38171
23002
92630
66999
59675
65734
6413
71189
89823
6034
81564
61111
60252
90032
46700
29380
66001
29897
16186
11844
59839
36063
38194
18399
70164
46421
59980
72601
33192
78977
32292
33534
64324
33304
62715
81136
79727
77733
58221
74478
86561
41182
29323
33878
59972
14634
5324
48717
99931
81692
25168
43942
48906
3052
42430
60130
76790
21889
4816
96675
48959
2886
99271
59314
87750
67206
31673
65653
10039
94143
71332
64984
26755
58482
77744
82267
2290
28627
45022
95981
80016
38735
47083
79136
89013
58343
39273
8936
66190
95137
1616
8391
62002
64000
37732
45691
69991
23429
14059
57234
85084
21345
58583
97745
6628
31056
58816
54101
50118
78790
55001
38558
99348
11863
84290
794
33336
99286
37730
24323
58751
33144
25685
97291
19471
28950
63021
69245
70319
17580
94210
90536
45234
15548
52959
97551
78507
7984
77231
31332
8935
86555
39831
67716
8287
68828
69451
7542
39215
13833
30170
41130
91057
15222
19230
56689
40012
66473
52651
83513
41017
96276
35177
96963
28393
21426
42397
59485
10537
27758
58201
11423
26334
71552
94881
57565
34529
45261
44989
52640
7636
23569
81710
51981
14804
14158
67071
64905
79724
13997
30012
13791
60480
20786
77047
19437
77133
71667
3869
8653
41101
34057
33624
81896
53162
87144
78967
94948
96811
62616
54051
46342
83207
54831
24412
27611
30268
38931
52144
62965
21437
80715
45007
8255
81343
47591
90369
52191
66160
47801
53417
60450
16414
86873
4481
55258
79848
32828
22357
59736
20374
12420
65364
91665
71929
3473
82238
95293
86201
82113
14238
17959
63539
64873
83836
65654
81938
49319
2912
17139
83383
30936
71676
2791
19467
10050
66991
46157
18700
30090
43475
59958
18412
48370
5319
17819
25539
49999
67985
4293
70400
22342
60392
48356
90901
50501
43018
53611
49422
46424
93352
28677
36365
24608
78750
81251
83304
18601
78685
74043
81742
63759
86503
59272
41367
53509
12292
82188
64826
95928
28008
25725
96759
27517
67989
99278
90439
22397
78715
80137
46463
46194
12822
33506
49197
49630
27415
10211
17710
58053
36769
62647
39855
57369
26194
62433
76820
88781
99956
55788
56825
29084
89318
66392
36726
48207
36100
94957
2292
14647
55363
72495
6048
88357
11360
94294
25711
65427
7825
14405
20882
99043
20534
99260
44534
8566
53921
47472
92635
12914
26083
86539
56191
78946
40285
75970
64783
28173
86483
6294
7900
60996
37622
52003
86012
83528
60786
30644
18609
9227
265
48635
91302
75648
28163
90436
53816
53822
87168
58907
59573
39809
36029
70987
45921
47689
78461
46855
83781
70953
44737
14511
8982
16804
95024
86453
15280
38536
15482
65225
67302
60463
61309
91505
22607
83977
32103
48335
50107
83529
21812
74402
70433
61318
8956
94815
54447
41754
1663
42908
84671
8679
80043
55675
16699
58540
29956
52953
89851
69161
83466
86954
7209
79999
56827
62649
58416
29562
8090
22743
72512
83447
78257
71882
86945
27377
48686
83712
81424
82062
27227
65689
80305
77403
93807
50320
26669
90198
13696
90127
17044
31248
45465
76232
23904
43448
86428
29544
75193
9546
86585
41889
58300
49494
98436
90541
79656
88137
13017
8044
40045
47583
2887
30712
18403
19320
43009
50931
66642
44429
40833
80497
67278
85265
53971
11062
98322
73773
41331
90466
17216
1300
47538
67998
44548
71022
91656
35533
79896
76923
69441
71889
5600
84583
42124
96767
42041
29941
90721
42906
16228
12770
53279
26089
9152
65061
59403
59418
24975
39467
84044
22888
59573
54061
13508
79122
30771
90302
4041
49175
83800
39608
9267
80466
78559
74429
95763
7283
99869
92595
91806
3525
12235
25576
98982
75946
49049
79061
67683
90922
40097
50033
4665
23137
25476
61881
19167
51156
82583
8664
13860
26272
7437
95983
7241
97312
66903
57665
58486
93497
23516
63528
83148
94650
45507
26650
17993
12891
65066
44959
82140
10944
23975
68355
61363
33935
30570
93481
63118
3344
90925
11017
3794
50213
22100
43017
91423
12554
49405
57155
34740
91861
91534
78308
72118
54687
92491
5053
3408
51695
37371
78900
40389
60261
62352
29099
68675
2492
6749
49789
58304
14146
98145
86974
85551
409
63438
87236
78101
92124
14448
26981
75128
85684
68791
28820
40691
63822
65242
9728
65235
94788
97691
4033
21564
52341
404
48339
52482
16815
14569
51335
12270
62976
10764
78700
9500
80941
47616
73800
4908
61509
53670
16708
25513
27246
54565
35061
13489
93441
37314
71268
89614
30341
10162
70859
23003
55987
64645
92463
73719
44878
21963
87038
71878
47569
87726
10517
56408
54300
29635
33751
48482
33037
25612
87220
9845
85487
84310
37902
33215
92397
58022
51932
91786
91822
79444
54248
88073
47213
36300
95055
15107
74059
99281
73777
58796
61206
27728
53913
34530
21017
37293
77045
57069
27730
92785
79579
11537
44091
3034
461
2303
59746
78719
63768
68487
87366
97230
99518
15840
58184
24231
77153
56361
30711
73590
69050
80020
55548
32952
71484
73947
33652
21094
23838
33360
94585
98829
19862
12180
39032
21125
50744
62281
28472
88632
38424
3048
16941
70527
50791
95238
66437
38839
47304
15841
14961
10256
17179
21296
22556
8975
55724
96603
28827
26306
86455
52530
44164
56100
82318
26278
95676
98830
23446
38630
93257
31132
77281
30160
95905
67591
82900
62828
86689
51117
11887
16507
86762
26407
79891
58534
71317
91185
39709
18163
48206
51256
96283
18736
62196
66308
10696
16104
39874
37294
57411
25285
36232
24258
78686
38181
85725
76199
58532
23297
86057
96606
71900
84674
19161
22960
57873
61082
34529
47209
54778
10753
89341
74766
68532
21888
59375
12843
19874
91805
75021
62600
5787
98696
23156
22514
13842
24187
84970
94884
50892
15320
60490
5060
12803
87136
36610
21749
50580
34486
63872
13037
77575
44083
83872
6263
29309
39512
57380
47498
45365
12397
84830
25364
50406
59280
55271
23773
404
54562
5757
44031
88837
25781
37529
85341
90710
15752
1909
44446
35989
26338
8803
22674
63833
55013
39789
55588
98006
80375
3743
87873
44669
94734
7020
29007
99373
97268
12730
57022
32223
62693
68715
55022
49267
26705
13642
4434
56122
41903
89553
43576
47097
2284
60884
59955
74615
26113
66334
19240
92501
44327
93663
37419
86437
9183
40273
78496
100
63723
99515
46135
65641
95259
25468
73858
43507
64939
15658
21888
53760
82221
28096
44189
85306
53784
18755
85836
63258
10346
31575
70090
64591
87817
87378
22257
15313
75908
22086
67010
50690
85322
18372
84798
78239
83441
94475
50719
71769
73639
48217
36046
30301
47456
78037
82175
10420
69748
31963
95348
88992
20120
45790
28569
27
5522
86380
25097
68611
77039
76426
76973
32727
79967
31760
47501
51097
1427
99616
22862
90071
99643
41047
16834
52141
45612
5926
33541
19172
73164
37192
38064
9772
25463
85061
78943
70910
2857
55017
20154
1109
91116
37719
8106
79855
35822
51504
3685
33001
83426
45343
19318
55872
47918
52471
55260
57620
38313
14529
33359
85277
51330
77925
35671
32855
60249
7914
15441
35011
56281
72177
6353
51612
41377
62420
79499
26399
82824
59608
50141
4588
92142
96737
53232
54726
89217
85095
39040
31749
21947
93319
35684
24811
76107
35112
51521
89431
61530
12981
64353
66830
33889
45535
18460
38875
73831
97894
97705
33320
48335
79341
45471
76232
75363
4952
91568
3677
60647
64385
90927
52351
25081
39328
86259
9107
48180
37086
46401
19062
34602
53060
86774
89238
4715
11355
35972
92272
19892
88080
58673
53639
55712
71197
21256
34001
34405
65235
19498
49152
13706
32521
55206
35345
57441
11744
81533
36920
82500
2268
88847
85348
97143
12454
95022
97522
70276
99424
56712
38297
96298
45603
89142
60853
12802
41445
44288
7600
5449
14159
31317
85627
11185
34969
68039
74093
13032
47519
45955
40702
67317
52315
41356
73615
85494
74291
14063
2956
99226
30206
20058
72066
84039
33005
28754
34848
35910
56229
88679
42032
99873
3570
24042
55475
8978
17392
49219
53285
96825
12876
56608
19750
55510
43501
53579
93330
28426
23832
28310
14332
97847
25166
48694
13006
24262
35655
24375
48367
41003
72358
37940
90198
65835
35984
14192
62415
28725
45491
40116
99413
33982
2696
19012
9643
80029
12604
86867
62215
16864
85954
65166
28476
7514
2801
75438
90407
87237
98190
27938
65841
53696
12029
89664
27605
73635
98104
60021
32062
35596
89913
17866
76415
70689
34794
16461
88378
905
66952
74764
85569
44474
40720
19055
52766
84363
92830
43883
50855
16610
22300
47985
97415
92162
14320
37538
65570
83146
35542
5417
76177
32923
61682
32128
81670
49914
84864
30986
68676
36869
58023
11103
35241
96274
90141
21924
13933
57409
93852
96697
9745
52072
44075
184
41795
33263
81232
60429
34128
51181
72571
58580
28395
61031
11110
45714
40993
7003
52537
51699
96066
73823
79182
64467
4510
33423
40173
71139
74509
73241
68034
68661
50408
66574
52089
71985
90506
51644
39523
29417
24554
31030
90653
59753
59923
98253
89167
84038
225
66435
57854
22048
34446
40730
93047
87725
92182
96603
44842
77310
11474
81473
87735
47709
95162
83253
40095
74529
10644
27202
47318
17105
28651
43293
10927
20927
93206
69094
16456
44737
91870
95010
54886
40608
87600
88633
98914
47470
25149
73404
68973
9762
88764
32892
63941
64015
67995
46733
69352
19370
38162
27616
85189
68048
79123
44262
63850
6621
9128
5769
37346
8069
35895
43609
47103
38785
61268
41803
7917
63227
4648
79840
17747
58684
87237
30684
36478
53045
65739
81797
24755
37627
85206
41016
39232
35309
63537
91603
68395
8582
27141
37183
76598
9688
36524
81206
57638
70233
82267
51111
67084
76244
55964
95645
78073
76379
95453
6391
81180
43995
58566
85328
15378
57406
93119
19441
82829
7630
85622
87388
37983
62371
76010
26330
79876
70000
52016
84323
66721
16682
12122
22572
22951
51468
82968
34319
33191
31605
68155
14944
66561
83464
21770
47416
41685
65467
95761
89193
72177
24957
56790
34892
4777
19102
58544
27554
13284
67129
93511
15666
31389
74840
95277
23653
77948
9454
28170
57493
19880
39814
71447
47229
83975
29808
15101
91882
44052
38081
87227
29344
62539
78241
16961
66792
69426
63422
67978
1905
2581
3461
37410
94288
21044
28023
83082
79281
72790
99583
683
24031
4406
9155
49612
50528
91747
25941
93706
75475
55265
33338
93360
46169
74588
58062
27293
97903
1595
63325
5581
32766
4393
89856
15928
83743
34255
27072
56168
29642
98915
75852
29022
94584
50386
43771
9570
41856
46290
25403
74287
28664
70859
5079
55904
73814
43925
4461
43383
14595
8263
51743
77024
47467
80130
63792
49838
6985
93131
92044
57802
46871
77953
16834
87235
84661
59558
91025
45429
80739
6402
56500
11944
40336
26341
82996
94735
82348
44050
56251
72789
25846
68682
44372
15775
9912
71930
64210
79521
95286
64686
66433
81361
43782
41871
52646
90242
97486
89712
1575
55801
43879
83459
38399
64895
89588
64258
47685
16688
4514
69027
61557
50871
16950
7474
10707
28190
95127
10869
75312
96505
26961
83449
94596
66148
12768
65691
48216
43531
65333
86963
62480
97202
96719
24350
32659
93870
54177
37062
4142
38566
87400
99930
26416
63756
83639
5518
69809
27246
68178
45719
24197
38233
98848
69038
83033
80966
5945
34512
48543
37438
98116
22061
92823
22148
24367
64041
89940
26703
77074
93595
80920
18482
65974
73358
98837
60076
37575
44023
61876
5148
13571
96670
13287
15666
33385
70007
13439
47420
77096
6847
94907
51729
38740
89677
89248
95858
61479
19381
70477
13087
81075
47889
10527
67180
75127
97221
81796
16041
93945
49665
94039
42656
26635
55061
53773
75200
32400
99094
14823
49576
85190
41998
69494
95611
54337
78090
74957
21510
14142
24866
63927
94359
39758
26133
7574
1774
60214
31773
9539
6145
84032
10846
56825
95220
44155
80807
43433
24593
80244
44898
82853
41934
62197
99359
40577
39828
33124
32202
9361
78742
60417
97395
70186
70435
90745
37140
18290
98971
57071
94014
43735
24500
82200
27390
50578
4620
12725
67210
67497
9426
76142
97444
80448
63192
26833
71698
96436
79675
55613
3669
92468
23062
95365
95390
5628
41930
54865
51072
7800
58317
29470
40525
45277
34002
83133
80214
95711
196
90230
88742
18380
72584
59997
29272
22887
64251
6583
29067
7613
79510
49331
90516
43093
43868
73558
23708
97671
64643
27779
67724
26443
35955
15905
13918
26818
63834
18262
9394
92114
78703
82135
29622
41873
81945
41134
41599
77083
99673
8569
90571
7310
53143
6074
42277
19366
47732
36483
3576
69051
79127
78729
33702
17714
48860
63132
70306
19099
64077
10480
93329
56239
21518
52943
2673
72712
26601
23291
33695
26272
50567
97020
78167
66462
85061
11206
46846
25659
84429
22944
10981
9180
824
11737
86753
55180
99334
53625
96399
80795
82933
83102
4394
10030
78359
7837
11551
8015
41470
29142
86600
38360
48176
408
94804
93057
85549
26547
48305
70767
26711
13735
79705
14975
75745
48503
20484
71846
68178
11989
60536
18851
16343
17927
55672
97695
82327
41340
5191
8604
59075
39392
23062
41412
73962
3950
38804
4148
71633
2063
13389
7291
47828
18935
34640
54768
89305
80101
53616
92869
488
58566
98886
41358
881
59697
82138
3287
36078
18240
36975
32491
66449
15144
77279
61861
74352
95311
27740
37188
4854
55818
64638
2978
82771
48852
73662
42942
54694
2355
16868
24994
58713
19781
37861
85319
68791
78502
88782
39232
44759
68762
72616
26058
35739
83542
25887
26783
60423
73803
15393
18256
59777
32973
64292
80827
73135
79421
31002
86236
2839
30419
2652
43076
79768
94505
66015
82143
44637
52837
95850
9555
28480
29722
3944
68054
81845
18295
19668
44968
94616
98737
77361
88718
47199
7647
62427
97330
90794
36618
36340
87363
2047
84085
5196
12933
93416
88146
36494
74112
31506
27283
85782
78466
75409
14575
57868
82372
38939
22499
12589
63823
52305
73292
71532
83870
71441
51156
71789
53781
3614
43215
97695
30949
14249
87867
55481
56513
14406
29386
82737
13556
13546
95549
50886
8085
73925
76654
42809
28001
7331
49430
97637
10607
24825
84804
39508
68200
71827
1222
30448
43335
95638
1708
97092
41459
55015
18560
20697
99244
73850
1019
34354
20764
60474
72142
13318
93621
86835
56772
40332
74604
74646
70537
71532
63979
91876
78300
18488
30962
77716
93128
22774
17060
68127
70102
59424
51349
67870
9263
1961
4123
87093
47200
32963
62875
21438
5756
74834
96529
80870
24074
88212
59869
55749
84565
52654
29469
49732
12257
38469
39791
84084
15043
11636
53246
93599
11439
88164
67084
59542
82493
16994
61462
74648
22255
50692
45284
17521
16708
12980
26175
8017
54439
30562
43789
44678
9338
48264
20780
63581
23600
21509
86627
17138
56555
63814
70476
4232
39558
52944
94918
19103
15953
52326
85205
17826
42151
56965
92553
57344
46156
48565
21778
51122
57173
94826
43319
22738
91832
52538
93038
73386
66649
82170
22767
52270
72722
98273
37963
20741
14230
39987
14038
60629
67822
69658
40904
42212
77507
8579
81389
47341
89490
54360
8242
21938
53281
90272
68096
55717
71253
28392
2316
66703
63488
24379
20150
61587
28677
6547
56661
9082
87029
2747
62443
21283
87348
23151
28092
80099
79762
70758
94672
93047
95173
78322
78538
53571
50141
88773
37578
92214
83178
25450
76480
42119
10711
90317
846
7884
35042
22355
61831
12441
88157
55928
70427
49286
71088
62240
46505
44095
52204
31603
87240
20568
56504
95668
46451
38053
87555
90060
78903
22121
88310
61688
76204
24621
62577
36958
50877
754
37712
78059
48750
71352
13015
11762
24616
35180
46782
13779
79644
99392
57818
28234
5116
21421
91527
95068
89355
67372
35537
51587
87862
44298
48700
58896
17892
59609
15825
87970
98013
79457
17235
77480
14129
22064
77862
3282
32716
63414
77151
68155
57669
44971
30625
14937
90398
81816
15900
75832
217
42026
84777
79495
48727
63776
58223
22638
34390
78937
4073
49760
7866
99665
59022
73308
50011
62460
79642
83281
53942
43566
41186
66244
59076
94631
5860
68261
3666
95111
56119
32195
13564
43158
53081
94452
37673
80735
2812
39445
80510
33944
58610
55680
89204
28866
95057
28995
39420
48087
67705
16349
63360
13012
25375
12846
15200
58815
8740
56946
32016
19888
62435
56261
6780
75925
71667
19500
451
26070
91620
56545
47398
61679
90903
7948
95685
68151
24411
23006
61385
58823
78875
75100
4291
64328
85946
20482
24480
64256
32443
35803
79178
47394
277
71791
18235
95955
55962
85594
51792
60669
89286
63853
37256
40271
4332
28751
66533
96813
76956
82451
55783
61993
66426
80927
27308
173
31408
62259
9403
1880
97303
8116
31458
68520
18007
8505
62420
83155
78796
92013
66057
90948
89152
3078
99817
47961
7635
59983
67378
73406
62872
53893
84852
89773
41632
13570
70021
95438
54537
84267
54653
26541
1919
77982
17761
826
69914
51786
11479
20077
30240
83800
32796
50687
75003
73816
97290
35442
76006
76906
50029
2444
43333
92178
22558
70920
13375
66918
20757
16699
69347
5163
20455
30449
54432
66988
67574
89820
78266
81839
78060
23730
78564
25542
71206
64980
86728
33430
7321
10700
71232
98846
61385
43790
15663
42691
21929
14095
40009
81927
4615
17629
47743
86232
1431
51769
32173
25194
21229
55316
58259
11454
52324
5221
78314
10837
57586
60354
39548
36904
18041
14247
11779
86317
97125
95713
35973
60683
71680
30658
56934
54752
26529
80235
5013
64500
24891
70128
82606
25891
91003
92895
7238
90229
16113
29161
59892
58400
22050
16387
78589
27862
2310
34203
65887
63994
22492
25630
33591
45598
11308
17688
93440
5877
26487
57111
69392
72596
24461
57851
98243
71875
89374
28217
4946
81286
52558
31517
13263
98329
8350
37804
89927
5311
59923
36331
16395
58611
96804
89196
84391
3865
54704
29845
92827
96614
52745
72015
69817
56556
79378
23182
69448
50423
30298
39409
78982
90248
39944
16543
87362
65166
65962
279
72585
13482
36479
55258
28065
93385
46936
48011
7287
73833
80114
36282
72710
84432
874
53863
68515
70669
49027
84420
18880
48036
22300
32332
94947
97106
16798
50339
62650
72027
70616
2707
7052
9202
48868
47716
76269
56608
36765
1026
30055
23777
94345
13048
63886
24109
32805
3888
62532
4727
51540
92927
87051
51981
56947
14053
42985
82912
79196
44202
16356
3873
94136
85023
51933
43989
76442
308
96613
35950
93379
76280
22523
62974
67108
14425
45572
8776
34985
5726
63452
21810
29526
92335
51395
45311
80422
62865
5752
36646
1878
40051
98812
673
6439
83275
28620
20489
77542
32703
8200
23108
98003
44508
1626
77188
35358
76926
40294
33202
27384
79476
7825
6962
70042
39067
91831
68980
98285
91431
98409
16878
64476
73849
9155
21304
18603
31402
1395
22162
76779
79275
54239
69155
70966
97058
20422
36436
96134
56666
11055
78193
53463
69670
98710
22579
12594
39818
72256
7066
88099
9196
37909
70844
15005
40206
71829
54004
25197
76898
52991
2102
42964
20079
50673
84822
66094
62942
40114
64461
57618
13854
26970
89717
99694
51834
96235
53940
83428
30335
87976
97317
31896
69318
91285
60538
71731
96960
64632
25427
34708
25655
97637
99591
21372
99576
49170
97352
31156
99117
48440
63728
84847
78002
60402
24184
56178
87115
83157
49975
33929
39362
51501
33997
6242
16407
18972
29115
25360
70228
68787
4547
99902
13305
98394
74190
78134
64115
88784
36942
59115
58582
37643
10833
53248
84537
67128
94047
24938
45885
53265
57620
60286
57113
78417
4242
58686
20908
52555
45724
92968
63243
38989
30406
12278
74352
86830
95937
10068
30465
37377
66187
152
21999
65768
18684
52261
38163
51465
82832
83800
87269
70482
85376
39985
84387
56453
12839
57308
9500
17308
28263
2367
39474
86068
27855
66392
88136
15196
84639
62323
56846
42875
16413
46420
88137
43352
88876
32763
70996
6054
3816
68590
84305
5091
49047
57505
57522
50912
21426
58315
14729
3520
54006
45528
18874
97130
96906
4582
90500
31871
48789
68518
32660
73430
26454
3137
84398
33313
71315
67881
95492
50086
23491
28571
182
67600
52461
14853
40501
31115
12963
26667
53357
62408
60313
17489
85817
96723
49685
88094
28858
88038
33255
44262
59876
9194
34039
36357
35595
73358
59968
46656
45056
4464
75663
88707
94017
22798
62387
27411
37226
14050
74419
33502
18785
23518
95578
21993
80024
17279
62784
65725
96856
10517
51621
19647
71726
35506
74904
11848
54988
7783
55962
59272
24115
97998
43663
98068
81974
5449
1004
12485
69147
54014
32158
94281
71019
36530
81065
47813
80368
46373
38577
75928
76345
45399
97763
20975
92690
38569
23007
37446
39139
34984
51822
80220
30095
78705
83677
88643
66559
85617
93256
86851
24640
16849
96016
17766
18650
2718
61466
9452
44389
68023
16808
57044
56858
58788
26528
75370
44042
88341
86758
45341
16127
85451
80458
75424
92640
9767
19103
64554
30109
41927
87698
97129
86417
72221
15040
65728
2888
44594
89655
28532
32496
36427
38893
35570
90266
41164
72039
39040
25385
7404
3907
24949
87677
10820
20785
55157
49457
78093
10485
85060
90364
17311
66833
27874
57513
52491
55697
51566
49736
63077
47278
45127
54267
88897
73627
97353
91908
68275
75005
9494
9557
93684
50239
60611
11694
95573
27146
94982
52307
95559
57562
31188
17636
93931
36253
40386
70898
28536
20742
69866
55730
58659
46594
2194
30601
50967
71254
42710
5777
68092
51468
68779
5672
63062
38089
11189
72749
44019
67273
34306
46355
97562
88014
20247
40758
54054
21434
33609
5540
5853
26771
26562
6678
47987
80234
27644
70094
50550
64095
21714
15110
93594
81338
41791
58104
99111
79723
35441
17216
77429
34705
83246
73808
21809
47528
49214
76698
3584
22867
27019
36702
60190
90870
24975
14322
48925
55001
42243
49594
56846
77355
64882
85349
40908
61630
78633
75109
88513
74280
71805
21110
57902
86147
26473
65207
21926
83616
15997
21616
91162
1198
96501
16262
93121
62150
86175
14351
78199
6431
86204
85619
3803
91062
66428
68099
71688
79567
36656
37466
89655
23538
88447
60339
40272
37184
20075
58413
70482
55008
85563
67511
5755
67952
74063
12602
80422
2215
5257
45429
23391
32635
51446
20281
70809
56611
29222
84815
49311
67070
7598
62732
64459
64137
94005
87546
56803
34183
59052
50755
60547
25149
57545
46919
92754
52327
36229
66999
48119
77945
89387
81626
2440
96658
81699
44342
8852
65279
9065
40607
74785
34686
12819
19171
61661
58664
95340
87954
76379
71850
66576
37851
66282
35484
50454
68157
83074
39495
76079
43346
19436
21111
63807
78392
51241
43096
64302
3429
46350
30463
15548
60694
93592
33804
72649
89185
62248
62036
81697
12587
6847
33182
90226
8427
94621
27828
28205
63470
29869
13183
73733
75595
87588
76676
2859
87327
34135
93726
51871
41465
11701
47985
53607
30725
91631
92506
73239
87439
77724
99097
23100
31622
78180
30813
34982
35139
33102
18198
67224
45576
31388
64222
30311
66119
22338
54624
58526
19558
20085
63924
45407
86293
21930
56943
37073
31492
57930
80926
61149
34614
92719
35881
13382
54534
96205
86522
1055
45479
60190
58224
95798
22425
74196
13031
19013
65340
71631
88656
34167
96198
99067
78383
42418
16124
42974
24243
19299
4090
97953
1517
54130
52387
63880
29607
84474
56609
62111
12825
63590
81206
24939
39685
6128
44210
78602
61172
10114
87280
44478
63971
89353
58423
35315
11765
43985
76522
75509
18162
65045
47672
82039
50434
95073
64988
17406
4174
81142
63105
72986
51458
34742
79873
26877
24906
79142
78781
62614
3850
96689
69329
75799
97960
63686
70159
11188
55565
27599
26778
82747
44757
26648
91786
92742
1151
67851
26982
65339
42356
95462
29559
22463
47440
20449
21172
30191
59253
81484
63059
19069
52301
7674
23982
38369
84498
24569
66612
13369
39136
40199
58981
62706
26898
88835
3924
74597
17859
51040
50072
41113
80217
78831
94061
91919
29132
69290
60255
79923
99812
28640
5670
8726
49491
23685
46505
37719
24428
58948
35120
91028
65655
22539
31845
28318
72706
85620
97156
76950
31789
84920
92196
73496
95674
36967
43607
89813
54977
4773
58175
54469
51958
15468
8443
11899
75149
91219
32388
21522
8993
11538
79589
73716
81873
99937
12030
17261
83631
67252
81800
30011
98252
78731
53789
26589
6690
43675
62817
37268
54331
91223
76440
5687
63278
32102
99598
11486
41818
71654
20728
30422
90368
87596
64738
72932
12185
1720
33673
81337
85652
55415
16521
88182
1591
93570
31894
36416
89229
42580
17780
34727
6460
90953
17157
96366
55044
35865
48804
16065
74489
21354
4936
55218
39871
9859
20051
2004
51530
23253
23263
37515
33131
13315
22061
91244
64474
35066
91117
43873
36310
13140
73769
34575
47948
26670
47917
9741
99068
55260
41846
61501
80535
73264
72211
86462
95060
68172
1750
84891
63675
33226
8314
38769
46341
39731
57522
45841
46469
58323
36702
27302
28940
56431
41138
5141
36734
6432
66044
2171
16763
77682
14237
69775
90046
79715
45153
34284
86786
2702
48910
71474
10240
10453
38226
74198
47809
95404
31053
71950
93926
51110
45399
58557
95447
44366
67773
7115
9450
6439
49652
97156
28923
37514
74783
93517
59898
97873
96016
383
64844
54827
5283
16124
22873
50180
14704
66526
35284
91183
36154
88092
53140
62261
82718
3665
60842
22263
89003
6589
58131
18419
42588
63292
95554
39259
14235
44448
12144
23942
60207
35152
54389
17470
5694
311
72952
89591
55368
16169
20003
76243
22123
4177
1611
96224
23517
67239
72945
63025
7695
51194
44459
42433
80646
16856
11085
92759
35382
21393
5001
7879
95831
53294
32785
33570
90032
15411
88083
48507
66408
64931
99398
79460
43735
21749
78315
43653
33947
44595
8468
1112
91180
78431
73474
89997
35324
91302
93940
16774
44215
83252
47895
22064
67969
47968
46223
90249
28835
96169
49534
58595
65473
94814
934
72872
23692
86557
3502
61812
3468
58577
33241
66332
73817
11847
5409
57065
95637
19054
66299
14116
32639
83800
41910
90668
57597
91283
89207
83098
97220
62296
8570
12552
25033
17512
35314
35078
43876
83999
31440
97396
44344
86318
78829
82414
57994
90294
57471
28646
9564
67301
19925
36725
79832
99960
88695
69751
92543
50239
21453
70479
92505
72249
72662
74814
63424
51628
4331
48774
84213
12708
20537
29678
96790
84251
25387
63501
37442
70737
56659
13879
38085
41594
2665
31865
30204
14252
15561
13731
7986
29789
96533
97556
54372
93584
84009
59894
50420
51027
43088
94526
92256
22259
53766
94424
17960
58205
41639
95386
48773
43941
52141
4411
70839
4236
33402
85670
19747
62613
54064
70252
69882
56380
75144
59737
26804
71732
88665
55105
1538
11710
17223
52662
36847
73626
67496
62678
40899
17838
32938
61485
57904
32846
73927
74533
49032
80697
65771
13919
37322
47798
55086
89834
42866
98879
8502
81785
65841
38164
15907
60
96953
16294
60440
81591
25530
94722
75141
28516
54670
76187
22369
20383
52849
18480
13088
46997
59932
44444
48452
9906
10983
5023
60507
51665
21842
85099
24741
52767
44390
82957
6674
73645
85933
81175
38219
40440
48629
12837
51417
90334
87828
28528
1500
78450
6777
4156
42332
25965
49143
90125
2303
41943
95550
53131
92019
47719
10799
91310
67277
71275
92104
57436
95812
75056
89590
17770
86030
51100
11049
16685
94893
17053
36742
25048
80478
73644
49336
15307
57419
45029
20554
90432
42742
36363
81571
5677
57420
47122
21599
17888
19953
37130
4502
66554
18051
25588
90473
42079
56790
80317
21463
21911
91275
97905
71338
11712
79351
43054
77801
87310
34745
14077
39503
12111
49727
8855
32150
73385
40422
87936
27137
47154
55644
55177
44228
10224
37922
9691
99190
70465
78921
85527
92334
66129
84729
32436
39536
88453
45331
40674
88271
93126
93069
26769
77719
98723
90845
46821
14003
67589
95433
11726
1451
33527
62460
69705
76089
38757
60424
65334
80774
38128
1203
93749
77660
11762
3929
64815
57444
5062
80540
47577
96529
87792
52851
26102
15479
42026
26958
32717
45333
55062
21780
10040
76613
10853
85526
39939
88337
98397
56265
56163
5177
47038
34143
33755
34973
58594
98050
21213
64799
21528
8106
22852
6847
70855
86249
53678
61051
70179
73842
54924
31647
64723
55394
24551
35488
83949
74434
73593
13982
71362
2972
51056
49281
65386
92830
70932
95776
34930
96548
99101
72247
86480
63281
99821
12101
25736
96900
7591
33618
84131
66864
63046
98931
59573
86084
27601
24583
77536
6251
28190
4678
30294
93707
54474
68769
94664
88693
21250
4185
92388
59229
77982
26149
22786
466
41139
17200
10671
908
6128
11721
38418
2582
43648
25564
20845
71527
15356
79296
13494
17548
24549
29426
14118
34930
25350
16080
59310
64516
66553
50251
86573
97309
41054
72700
92882
15812
33579
33149
29106
2564
68386
48801
22521
88381
33410
5905
2687
76204
87477
41439
49918
7258
91713
23938
94078
79786
13869
38512
73162
6680
61318
42630
50557
5499
8374
15436
88210
92434
52213
39357
56972
49677
41083
1154
7051
34093
49982
92447
41430
20380
81045
50218
20726
75333
81694
25367
71902
74184
36228
31971
25837
40013
61525
89174
83297
73351
95632
24500
53425
92710
18782
21239
35197
36175
9762
4430
22412
20308
67713
54767
41563
29169
44913
66757
5232
7553
47530
82805
46799
21070
94055
10667
19349
72087
32716
16224
13926
90091
99882
73828
31993
78378
89608
30679
29038
58092
97550
6686
41505
56946
72079
84418
65341
4448
1697
95079
22390
15045
97167
22967
32284
83795
41697
42867
23214
28031
93772
43183
81448
20834
34145
87572
36200
31704
78073
40251
84501
66695
4582
82439
23422
18943
49079
70932
76967
74922
36493
76746
64449
71750
80713
17157
51934
35900
22587
93820
64552
23166
67831
79414
5109
54993
13795
10458
90739
83273
57138
95644
93498
28095
69611
99847
19446
4619
79670
91477
69411
42675
68509
