73315
76963
46473
75744
9438
79640
49354
70699
99926
12787
94817
99490
34349
77281
61451
92606
32926
93571
41602
43016
45487
77666
66801
93772
50354
30636
71007
34831
83638
99428
24058
45241
97353
30450
73724
97479
87784
31263
80455
43752
89662
76090
66483
73385
40950
72206
97704
172
69930
16898
42693
85645
6881
51003
80429
60091
7970
40107
64241
59493
67582
29734
82455
44357
69031
51868
21451
20189
42290
93320
95115
5252
89958
20460
91393
50297
1980
87154
34853
19528
28085
73000
61016
59031
7881
37
55149
8800
64670
19256
66885
7061
1876
12250
46622
49400
52774
69627
57091
88843
78012
62159
78610
64500
59784
56674
71376
28381
7905
55333
31253
83338
64247
6392
94075
48910
88664
20714
61911
86212
39467
17672
28999
9805
39756
16866
84794
4654
18137
15301
7715
37545
40184
1139
67818
67723
10016
53663
23302
91402
75289
32802
97475
16801
19388
28764
64824
2143
84724
83720
34129
98831
96944
61941
43397
44640
63267
23135
83501
79573
44186
61510
45156
7747
97112
10969
2589
1378
57384
98473
14103
76816
37158
74650
71658
52484
20856
47928
43865
99179
80992
94712
39090
84724
80903
58349
52401
70392
27591
63255
91339
38367
42356
64815
10961
71278
33606
40247
11267
10676
31976
39272
29153
51323
27536
45586
11671
71986
88891
74802
29733
97346
23572
90988
6060
86300
40433
52796
616
72467
25142
64707
46028
71751
19037
4374
97583
48373
2079
66182
91347
39294
98195
77266
35262
5154
49673
28399
84744
11514
7228
3713
32002
71177
71388
97441
4918
55664
82931
41486
92018
69462
78188
69774
39549
49718
48229
97352
9648
75783
6416
97922
85608
14892
55806
32378
80103
95406
12110
19236
69982
73483
6125
86693
77319
21759
52395
19985
88810
24641
85528
76511
158
73621
49697
90858
99714
22075
99237
90334
8640
53567
4587
18641
17969
68531
15851
99995
12422
73535
87582
90824
19624
38171
23002
92630
66999
59675
65734
6413
71189
89823
6034
81564
61111
60252
90032
46700
29380
66001
29897
16186
11844
59839
36063
38194
18399
70164
46421
59980
72601
33192
78977
32292
33534
64324
33304
62715
81136
79727
77733
58221
74478
86561
41182
29323
33878
59972
14634
5324
48717
99931
81692
25168
43942
48906
3052
42430
60130
76790
21889
4816
96675
48959
2886
99271
59314
87750
67206
31673
65653
10039
94143
71332
64984
26755
58482
77744
82267
2290
28627
45022
95981
80016
38735
47083
79136
89013
58343
39273
8936
66190
95137
1616
8391
62002
64000
37732
45691
69991
23429
14059
57234
85084
21345
58583
97745
6628
31056
58816
54101
50118
78790
55001
38558
99348
11863
84290
794
33336
99286
37730
24323
58751
33144
25685
97291
19471
28950
63021
69245
70319
17580
94210
90536
45234
15548
52959
97551
78507
7984
77231
31332
8935
86555
39831
67716
8287
68828
69451
7542
39215
13833
30170
41130
91057
15222
19230
56689
40012
66473
52651
83513
41017
96276
35177
96963
28393
21426
42397
59485
10537
27758
58201
11423
26334
71552
94881
57565
34529
45261
44989
52640
7636
23569
81710
51981
14804
14158
67071
64905
79724
13997
30012
13791
60480
20786
77047
19437
77133
71667
3869
8653
41101
34057
33624
81896
53162
87144
78967
94948
96811
62616
54051
46342
83207
54831
24412
27611
30268
38931
52144
62965
21437
80715
45007
8255
81343
47591
90369
52191
66160
47801
53417
60450
16414
86873
4481
55258
79848
32828
22357
59736
20374
12420
65364
91665
71929
3473
82238
95293
86201
82113
14238
17959
63539
64873
83836
65654
81938
49319
2912
17139
83383
30936
71676
2791
19467
10050
66991
46157
18700
30090
43475
59958
18412
48370
5319
17819
25539
49999
67985
4293
70400
22342
60392
48356
90901
50501
43018
53611
49422
46424
93352
28677
36365
24608
78750
81251
83304
18601
78685
74043
81742
63759
86503
59272
41367
53509
12292
82188
64826
95928
28008
25725
96759
27517
67989
99278
90439
22397
78715
80137
46463
46194
12822
33506
49197
49630
27415
10211
17710
58053
36769
62647
39855
57369
26194
62433
76820
88781
99956
55788
56825
29084
89318
66392
36726
48207
36100
94957
2292
14647
55363
72495
6048
88357
11360
94294
25711
65427
7825
14405
20882
99043
20534
99260
44534
8566
53921
47472
92635
12914
26083
86539
56191
78946
40285
75970
64783
28173
86483
6294
7900
60996
37622
52003
86012
83528
60786
30644
18609
9227
265
48635
91302
75648
28163
90436
53816
53822
87168
58907
59573
39809
36029
70987
45921
47689
78461
46855
83781
70953
44737
14511
8982
16804
95024
86453
15280
38536
15482
65225
67302
60463
61309
91505
22607
83977
32103
48335
50107
83529
21812
74402
70433
61318
8956
94815
54447
41754
1663
42908
84671
8679
80043
55675
16699
58540
29956
52953
89851
69161
83466
86954
7209
79999
56827
62649
58416
29562
8090
22743
72512
83447
78257
71882
86945
27377
48686
83712
81424
82062
27227
65689
80305
77403
93807
50320
26669
90198
13696
90127
17044
31248
45465
76232
23904
43448
86428
29544
75193
9546
86585
41889
58300
49494
98436
90541
79656
88137
13017
8044
40045
47583
2887
30712
18403
19320
43009
50931
66642
44429
40833
80497
67278
85265
53971
11062
98322
73773
41331
90466
17216
1300
47538
67998
44548
71022
91656
35533
79896
76923
69441
71889
5600
84583
42124
96767
42041
29941
90721
42906
16228
12770
53279
26089
9152
65061
59403
59418
24975
39467
84044
22888
59573
54061
13508
79122
30771
90302
4041
49175
83800
39608
9267
80466
78559
74429
95763
7283
99869
92595
91806
3525
12235
25576
98982
75946
49049
79061
67683
90922
40097
50033
4665
23137
25476
61881
19167
51156
82583
8664
13860
26272
7437
95983
7241
97312
66903
57665
58486
93497
23516
63528
83148
94650
45507
26650
17993
12891
65066
44959
82140
10944
23975
68355
61363
33935
30570
93481
63118
3344
90925
11017
3794
50213
22100
43017
91423
12554
49405
57155
34740
91861
91534
78308
72118
54687
92491
5053
3408
51695
37371
78900
40389
60261
62352
29099
68675
2492
6749
49789
58304
14146
98145
86974
85551
409
63438
87236
78101
92124
14448
26981
75128
85684
68791
28820
40691
63822
65242
9728
65235
94788
97691
4033
21564
52341
404
48339
52482
16815
14569
51335
12270
62976
10764
78700
9500
80941
47616
73800
4908
61509
53670
16708
25513
27246
54565
35061
13489
93441
37314
71268
89614
30341
10162
70859
23003
55987
64645
92463
73719
44878
21963
87038
71878
47569
87726
10517
56408
54300
29635
33751
48482
33037
25612
87220
9845
85487
84310
37902
33215
92397
58022
51932
91786
91822
79444
54248
88073
47213
36300
95055
15107
74059
99281
73777
58796
61206
27728
53913
34530
21017
37293
77045
57069
27730
92785
79579
11537
44091
3034
461
2303
59746
78719
63768
68487
87366
97230
99518
15840
58184
24231
77153
56361
30711
73590
69050
80020
55548
32952
71484
73947
33652
21094
23838
33360
94585
98829
19862
12180
39032
21125
50744
62281
28472
88632
38424
3048
16941
70527
50791
95238
66437
38839
47304
15841
14961
10256
17179
21296
22556
8975
55724
96603
28827
26306
86455
52530
44164
56100
82318
26278
95676
98830
23446
38630
93257
31132
77281
30160
95905
67591
82900
62828
86689
51117
11887
16507
86762
26407
79891
58534
71317
91185
39709
18163
48206
51256
96283
18736
62196
66308
10696
16104
39874
37294
57411
25285
36232
24258
78686
38181
85725
76199
58532
23297
86057
96606
71900
84674
19161
22960
57873
61082
34529
47209
54778
10753
89341
74766
68532
21888
59375
12843
19874
91805
75021
62600
5787
98696
23156
22514
13842
24187
84970
94884
50892
15320
60490
5060
12803
87136
36610
21749
50580
34486
63872
13037
77575
44083
83872
6263
29309
39512
57380
47498
45365
12397
84830
25364
50406
59280
55271
23773
404
54562
5757
44031
88837
25781
37529
85341
90710
15752
1909
44446
35989
26338
8803
22674
63833
55013
39789
55588
98006
80375
3743
87873
44669
94734
7020
29007
99373
97268
12730
57022
32223
62693
68715
55022
49267
26705
13642
4434
56122
41903
89553
43576
47097
2284
60884
59955
74615
26113
66334
19240
92501
44327
93663
37419
86437
9183
40273
78496
100
63723
99515
46135
65641
95259
25468
73858
43507
64939
15658
21888
53760
82221
28096
44189
85306
53784
18755
85836
63258
10346
31575
70090
64591
87817
87378
22257
15313
75908
22086
67010
50690
85322
18372
84798
78239
83441
94475
50719
71769
73639
48217
36046
30301
47456
78037
82175
10420
69748
31963
95348
88992
20120
45790
28569
27
5522
86380
25097
68611
77039
76426
76973
32727
79967
31760
47501
51097
1427
99616
22862
90071
99643
41047
16834
52141
45612
5926
33541
19172
73164
37192
38064
9772
25463
85061
78943
70910
2857
55017
20154
1109
91116
37719
8106
79855
35822
51504
3685
33001
83426
45343
19318
55872
47918
52471
55260
57620
38313
14529
33359
85277
51330
77925
35671
32855
60249
7914
15441
35011
56281
72177
6353
51612
41377
62420
79499
26399
82824
59608
50141
4588
92142
96737
53232
54726
89217
85095
39040
31749
21947
93319
35684
24811
76107
35112
51521
89431
61530
12981
64353
66830
33889
45535
18460
38875
73831
97894
97705
33320
48335
79341
45471
76232
75363
4952
91568
3677
60647
64385
90927
52351
25081
39328
86259
9107
48180
37086
46401
19062
34602
53060
86774
89238
4715
11355
35972
92272
19892
88080
58673
53639
55712
71197
21256
34001
34405
65235
19498
49152
13706
32521
55206
35345
57441
11744
81533
36920
82500
2268
88847
85348
97143
12454
95022
97522
70276
99424
56712
38297
96298
45603
89142
60853
12802
41445
44288
7600
5449
14159
31317
85627
11185
34969
68039
74093
13032
47519
45955
40702
67317
52315
41356
73615
85494
74291
14063
2956
99226
30206
20058
72066
84039
33005
28754
34848
35910
56229
88679
42032
99873
3570
24042
55475
8978
17392
49219
53285
96825
12876
56608
19750
55510
43501
53579
93330
28426
23832
28310
14332
97847
25166
48694
13006
24262
35655
24375
48367
41003
72358
37940
90198
65835
35984
14192
62415
28725
45491
40116
99413
33982
2696
19012
9643
80029
12604
86867
62215
16864
85954
65166
28476
7514
2801
75438
90407
87237
98190
27938
65841
53696
12029
89664
27605
73635
98104
60021
32062
35596
89913
17866
76415
70689
34794
16461
88378
905
66952
74764
85569
44474
40720
19055
52766
84363
92830
43883
50855
16610
22300
47985
97415
92162
14320
37538
65570
83146
35542
5417
76177
32923
61682
32128
81670
49914
84864
30986
68676
36869
58023
11103
35241
96274
90141
21924
13933
57409
93852
96697
9745
52072
44075
184
41795
33263
81232
60429
34128
51181
72571
58580
28395
61031
11110
45714
40993
7003
52537
51699
96066
73823
79182
64467
4510
33423
40173
71139
74509
73241
68034
68661
50408
66574
52089
71985
90506
51644
39523
29417
24554
31030
90653
59753
59923
98253
89167
84038
225
66435
57854
22048
34446
40730
93047
87725
92182
96603
44842
77310
11474
81473
87735
47709
95162
83253
40095
74529
10644
27202
47318
17105
28651
43293
10927
20927
93206
69094
16456
44737
91870
95010
54886
40608
87600
88633
98914
47470
25149
73404
68973
9762
88764
32892
63941
64015
67995
46733
69352
19370
38162
27616
85189
68048
79123
44262
63850
6621
9128
5769
37346
8069
35895
43609
47103
38785
61268
41803
7917
63227
4648
79840
17747
58684
87237
30684
36478
53045
65739
81797
24755
37627
85206
41016
39232
35309
63537
91603
68395
8582
27141
37183
76598
9688
36524
81206
57638
70233
82267
51111
67084
76244
55964
95645
78073
76379
95453
6391
81180
43995
58566
85328
15378
57406
93119
19441
82829
7630
85622
87388
37983
62371
76010
26330
79876
70000
52016
84323
66721
16682
12122
22572
22951
51468
82968
34319
33191
31605
68155
14944
66561
83464
21770
47416
41685
65467
95761
89193
72177
24957
56790
34892
4777
19102
58544
27554
13284
67129
93511
15666
31389
74840
95277
23653
77948
9454
28170
57493
19880
39814
71447
47229
83975
29808
15101
91882
44052
38081
87227
29344
62539
78241
16961
66792
69426
63422
67978
1905
2581
3461
37410
94288
21044
28023
83082
79281
72790
99583
683
24031
4406
9155
49612
50528
91747
25941
93706
75475
55265
33338
93360
46169
74588
58062
27293
97903
1595
63325
5581
32766
4393
89856
15928
83743
34255
27072
56168
29642
98915
75852
29022
94584
50386
43771
9570
41856
46290
25403
74287
28664
70859
5079
55904
73814
43925
4461
43383
14595
8263
51743
77024
47467
80130
63792
49838
6985
93131
92044
57802
46871
77953
16834
87235
84661
59558
91025
45429
80739
6402
56500
11944
40336
26341
82996
94735
82348
44050
56251
72789
25846
68682
44372
15775
9912
71930
64210
79521
95286
64686
66433
81361
43782
41871
52646
90242
97486
89712
1575
55801
43879
83459
38399
64895
89588
64258
47685
16688
4514
69027
61557
50871
16950
7474
10707
28190
95127
10869
75312
96505
26961
83449
94596
66148
12768
65691
48216
43531
65333
86963
62480
97202
96719
24350
32659
93870
54177
37062
4142
38566
87400
99930
26416
63756
83639
5518
69809
27246
68178
45719
24197
38233
98848
69038
83033
80966
5945
34512
48543
37438
98116
22061
92823
22148
24367
64041
89940
26703
77074
93595
80920
18482
65974
73358
98837
60076
37575
44023
61876
5148
13571
96670
13287
15666
33385
70007
13439
47420
77096
6847
94907
51729
38740
89677
89248
95858
61479
19381
70477
13087
81075
47889
10527
67180
75127
97221
81796
16041
93945
49665
94039
42656
26635
55061
53773
75200
32400
99094
14823
49576
85190
41998
69494
95611
54337
78090
74957
21510
14142
24866
63927
94359
39758
26133
7574
1774
60214
31773
9539
6145
84032
10846
56825
95220
44155
80807
43433
24593
80244
44898
82853
41934
62197
99359
40577
39828
33124
32202
9361
78742
60417
97395
70186
70435
90745
37140
18290
98971
57071
94014
43735
24500
82200
27390
50578
4620
12725
67210
67497
9426
76142
97444
80448
63192
26833
71698
96436
79675
55613
3669
92468
23062
95365
95390
5628
41930
54865
51072
7800
58317
29470
40525
45277
34002
83133
80214
95711
196
90230
88742
18380
72584
59997
29272
22887
64251
6583
29067
7613
79510
49331
90516
43093
43868
73558
23708
97671
64643
27779
67724
26443
35955
15905
13918
26818
63834
18262
9394
92114
78703
82135
29622
41873
81945
41134
41599
77083
99673
8569
90571
7310
53143
6074
42277
19366
47732
36483
3576
69051
79127
78729
33702
17714
48860
63132
70306
19099
64077
10480
93329
56239
21518
52943
2673
72712
26601
23291
33695
26272
50567
97020
78167
66462
85061
11206
46846
25659
84429
22944
10981
9180
824
11737
86753
55180
99334
53625
96399
80795
82933
83102
4394
10030
78359
7837
11551
8015
41470
29142
86600
38360
48176
408
94804
93057
85549
26547
48305
70767
26711
13735
79705
14975
75745
48503
20484
71846
68178
11989
60536
18851
16343
17927
55672
97695
82327
41340
5191
8604
59075
39392
23062
41412
73962
3950
38804
4148
71633
2063
13389
7291
47828
18935
34640
54768
89305
80101
53616
92869
488
58566
98886
41358
881
59697
82138
3287
36078
18240
36975
32491
66449
15144
77279
61861
74352
95311
27740
37188
4854
55818
64638
2978
82771
48852
73662
42942
54694
2355
16868
24994
58713
19781
37861
85319
68791
78502
88782
39232
44759
68762
72616
26058
35739
83542
25887
26783
60423
73803
15393
18256
59777
32973
64292
80827
73135
79421
31002
86236
2839
30419
2652
43076
79768
94505
66015
82143
44637
52837
95850
9555
28480
29722
3944
68054
81845
18295
19668
44968
94616
98737
77361
88718
47199
7647
62427
97330
90794
36618
36340
87363
2047
84085
5196
12933
93416
88146
36494
74112
31506
27283
85782
78466
75409
14575
57868
82372
38939
22499
12589
63823
52305
73292
71532
83870
71441
51156
71789
53781
3614
43215
97695
30949
63025
48848
20991
51803
53779
35580
54888
90789
47415
78484
13156
65909
69915
4010
30223
738
10289
91942
42821
8528
60718
1162
52148
18804
45784
97944
83230
79040
10721
18909
39472
5423
682
15568
36331
25471
49557
95308
87328
4292
43029
42656
81761
98013
63763
8878
66584
15248
72041
31721
88317
823
75658
40063
60601
11796
67392
98275
38035
27105
14209
15123
86514
8047
24395
24396
80249
44479
73356
36832
25400
36901
14642
18851
32435
92693
51462
88762
10315
40359
59893
60792
61157
39332
29588
26022
24863
29651
15050
21795
96634
35720
43313
49476
86587
74833
56682
37656
26671
62577
92205
5270
58470
42038
83459
90252
91080
20166
44229
76844
1361
49314
43648
3149
21884
64360
18228
35285
37830
88035
25483
37
23225
83657
47348
37483
40081
65333
40837
1924
39197
39260
22574
61493
39139
67982
75030
35536
28362
10468
69015
40837
5678
30969
62030
22081
65277
30951
45387
19367
80884
30232
24546
83165
18343
55724
75341
6788
63711
17822
38490
65714
85539
2393
30473
70051
41102
75495
13120
28400
99417
19928
20372
70555
44819
29274
36743
8935
88671
66020
73538
95081
884
66109
54357
20261
46197
4309
86676
76011
16566
99271
59270
1382
26065
99053
4431
30504
24947
88870
68777
20730
27886
2132
97967
11099
62361
15534
26759
24819
93751
64518
62909
44986
17967
49202
49937
80287
82373
84473
892
70286
4934
84956
44710
61098
74481
61004
23194
71678
31188
48351
40341
55887
89880
81190
16424
8349
41117
91019
60876
11932
35568
88988
6202
41974
82304
34780
24283
20122
49660
85854
31276
64055
24297
61323
87103
53281
82682
66951
61783
18544
96377
33413
45488
59311
92909
98311
93750
73271
51741
81431
26509
47865
73791
43339
55665
86941
68347
27511
93312
17155
78133
66681
82948
75067
82449
73867
94097
95557
37176
22389
34284
36093
76644
87237
49895
30562
40441
72938
9976
2202
94627
62100
30474
68360
47677
43511
61130
62355
84048
46433
68724
82963
13967
83761
39141
29651
81997
50124
95398
23104
11936
9582
97320
97591
81011
39870
59257
94266
45077
9060
43110
90398
85796
72406
5855
34937
80513
55770
84391
63272
3273
46592
32090
54703
61533
7524
5618
31801
23595
84715
16648
8455
51421
74425
82486
74298
90469
1848
71932
83857
67548
25748
72702
61576
54613
84993
53827
94385
37418
89809
31890
79132
15411
97080
35217
63527
31407
90670
38420
45525
18625
15572
35069
96934
72320
58547
84048
38960
73586
1012
9613
51596
69922
82015
41266
84853
81646
30580
65328
87071
47195
65166
55409
49804
39764
60033
88252
68842
76207
81358
17563
80581
88855
48239
26194
1003
57542
1650
44149
27826
9882
59779
1766
88930
51596
42670
56930
69015
71296
91303
60961
52051
94922
36016
70622
76447
22876
7455
96099
3455
633
86153
31512
77509
15961
82736
17590
2646
84011
39221
76051
80361
35841
46009
34804
36436
95078
69667
41309
11830
9457
16327
64067
49670
62505
76844
58975
30078
97582
2826
52344
89843
85245
44279
84422
89490
38045
88067
10242
64577
81501
19545
80552
20832
65036
36300
20304
34443
22212
87976
45230
72904
86437
58439
6506
52282
10370
97080
18268
39681
56086
51617
43556
43995
58633
55998
18508
56454
43833
72675
63157
66441
1513
44376
22006
93149
4249
23998
30777
35346
15522
91801
2931
3644
31611
62664
81756
68460
92321
20788
9762
20901
88803
90740
13513
82828
72141
8354
6588
45018
60443
90522
61783
51620
3785
79452
22713
18943
21089
65736
22625
48201
58538
69779
94121
83721
92688
24949
42612
50609
2194
44118
84195
55283
50088
63691
23844
22447
21616
35952
61124
85513
566
17716
28768
24296
81237
8756
39385
6799
42868
74142
87042
25033
62989
53179
94680
28313
84852
83818
27823
20907
13630
24805
34812
63257
78204
55493
43880
51608
28482
12888
18868
69915
27961
8585
47003
89462
25983
40546
72385
45715
64594
51504
13233
91863
87236
38316
22486
29782
77478
53333
96503
90500
17391
76322
20682
22538
80051
92316
2453
49295
89799
64366
50026
55104
91233
8751
49965
22265
10508
99697
44198
5805
60838
95851
26946
98021
18703
30809
23383
93538
43552
39840
24908
52588
59865
62063
98607
54245
81355
8677
32945
86220
28615
35141
26722
96802
82181
31090
70387
42940
45487
73485
75000
84863
83359
10258
94659
34989
67781
43822
15346
53046
75950
84960
84256
9686
98087
70530
71390
95893
64811
8796
45977
810
27658
58124
22786
54713
81642
74571
42403
48763
26059
51081
57210
20642
14961
10571
17791
96120
78103
81192
61743
75214
60983
39513
8746
351
86158
9694
75851
34189
69177
80865
70696
41854
12851
98459
14082
37927
23702
29799
67103
2633
46019
24810
13454
1856
65958
85025
64509
12809
82332
52106
49222
89256
75913
38993
27156
36260
30337
30982
77031
62152
26598
85800
11423
65829
87874
42844
62863
98890
12083
87727
76882
60003
78403
92244
36426
96259
66429
3904
53672
40419
37452
72854
70804
63277
47292
69465
84168
39972
25332
27138
15604
23241
60716
72336
15389
50644
45083
22059
65870
47016
75017
51773
808
49513
32280
50540
57342
50113
2552
9944
19298
83755
99498
5944
93992
66522
85945
63376
66787
42699
75718
61166
69228
20149
179
52299
92739
52052
7141
12704
5941
77647
56657
57668
27643
49416
40897
99681
45281
45261
31104
9881
11102
68460
27990
35310
16469
87224
19730
18019
60479
69437
23830
17228
44966
82762
84412
28548
78219
66407
81626
45568
57800
59870
88351
60237
88057
41748
64003
98208
80779
53733
12396
9143
79665
83372
96634
52800
19334
40785
82547
51377
83018
9288
17069
95491
84655
78965
44109
26528
53778
72382
62317
64913
85615
60021
63029
2212
66706
51916
67213
20000
48743
78652
41390
47152
78131
59578
680
44681
27735
33542
19096
25743
8429
67229
56450
22007
44817
8063
66830
83329
29299
74018
76324
95894
8701
14768
47612
18381
80204
1562
25854
51258
51608
79241
90239
18850
89542
8083
74833
1803
46446
39710
28409
78482
71775
36609
87424
72812
87110
99363
40733
57995
58557
13090
75818
42766
60415
90311
36211
69198
94087
89628
34966
87281
2323
62739
16898
30197
69853
24078
8723
45302
61343
1354
2294
56802
12071
82335
56988
31003
31843
36180
44502
15356
58255
40139
47676
70443
27679
32030
31512
54607
44441
55763
31051
41530
43813
91035
27478
41368
10568
10230
88528
29344
83190
70375
41811
86322
46153
20884
52681
63953
34016
31259
64199
23373
21516
47896
5415
7294
62399
60693
85388
65523
51489
59097
41449
15592
71517
84396
20518
99923
54990
7277
51256
81138
58164
82369
90357
86919
85299
27109
13286
25678
14763
21160
28705
96950
50463
68881
24437
23156
8687
97067
17748
68022
71497
81944
13602
99299
20312
30457
49612
3842
8959
31709
36434
22295
77768
41694
98264
45519
56467
15033
32508
5209
99176
1164
5234
87195
42700
94431
61319
57417
9147
27809
44726
80207
6889
96783
15664
64391
50975
86394
89718
8377
8327
65703
12159
5826
46340
31568
70867
45378
56097
92093
11706
13033
83949
34541
85147
1707
5808
71954
54622
26801
5386
51151
8906
79533
82370
87186
48360
78023
44880
62495
62941
32815
78253
66595
45506
91895
62586
9116
17422
81946
68307
1766
47745
65061
56323
87973
12983
67334
93754
58777
40564
59279
30243
6240
5212
61796
43977
17248
22473
59640
39507
73872
90737
64750
94827
29630
74230
58935
82866
43280
52506
63223
65238
83904
94940
26401
59028
25270
85294
26336
90557
57330
32198
5872
4790
48015
77089
30167
42131
61930
86257
81207
10087
36315
84735
69208
70176
99303
50070
77767
14893
17191
56183
28605
4527
18799
35715
18858
72169
18116
9515
16067
19319
27802
85887
58397
45112
8309
66520
5777
77161
24797
24458
2433
99004
70659
69799
59106
71197
99844
17787
55533
36381
5310
44562
97970
60824
83057
86575
22836
97878
31691
62002
20743
97681
50896
52639
77648
89304
59497
38348
1211
8839
21897
95924
83560
88523
5594
12626
21641
24280
44590
86544
28371
13868
93209
90991
50569
69989
9517
63075
99558
13000
52934
17502
69557
1708
81398
6650
37420
9116
13974
12993
63950
84314
56090
84267
77512
84247
65214
6095
5272
40431
2989
44456
70741
75035
29644
77276
531
18838
5620
9931
38639
46771
25171
22213
34524
74068
40026
32959
43770
21261
58919
46509
51265
32320
50529
69256
65892
94534
44202
21471
86553
18308
44160
83074
15572
11924
75785
11990
24215
13440
73536
63548
71348
43194
66514
25515
32967
51519
66804
25917
63625
59303
72146
48181
98826
10340
81782
65038
20641
15581
38242
66670
9150
26369
10836
75126
78991
2905
36623
61653
84137
73142
62594
69848
18230
36598
98149
88773
28310
81677
59520
83504
2088
73081
32206
74934
21862
69189
26263
79044
38044
54599
18205
44383
61250
4736
86489
15588
73040
77639
86422
92436
599
24703
12544
46149
50150
94151
4850
2335
32878
2349
21026
12763
10446
52245
46120
37493
689
58049
12455
2303
55387
31169
11051
94970
13399
4842
17334
78530
29697
36758
93494
36995
63615
22977
29030
28841
12217
63316
73076
70135
22420
4909
14430
31367
11819
28987
38777
13372
47176
61294
12736
68963
7028
10606
96517
54993
96708
59885
62551
93872
11580
28973
53182
14289
65906
92386
63688
24302
49586
72663
51292
16287
52173
99084
50139
50876
88673
5671
93236
70388
66223
85293
98895
29383
51494
34898
13177
70533
14104
37888
47586
27240
19568
57096
80726
3934
46346
25947
82729
91649
1827
38207
38639
74669
96238
23998
28706
5180
23576
35401
7666
41353
37390
82032
93902
36440
48196
51852
82179
66609
17298
85634
60041
88074
60346
90149
82034
34048
42929
32755
84376
12658
32062
66579
86378
84716
32060
75628
65116
79644
52088
23502
21518
3957
33509
95956
57037
74391
74205
75468
79095
91703
84511
82597
29912
37854
55523
70684
55156
58017
57255
49227
45242
84795
19548
85800
31853
62318
3648
26960
89382
5445
47104
43340
44438
54598
11122
49327
30542
41077
93278
17575
4649
72517
75507
31978
27841
44333
20663
60020
26952
1260
69495
95594
12051
74599
98906
80817
345
43652
98916
51869
17417
37069
36864
4555
40268
29468
10923
22196
76121
69468
57520
59344
49459
72726
68702
88485
89141
1152
67289
83876
16890
39238
78190
29612
47078
58967
23021
28303
42701
79409
56040
55727
98638
52735
76615
3232
44128
20526
65979
97617
24408
60874
3414
22515
50414
62176
65614
32234
86336
85145
45575
6259
11143
39777
36391
29897
61822
72976
8520
50999
12423
3478
12009
13346
40762
44476
50620
90603
26483
83508
64076
71117
33161
62059
34557
65235
94958
41955
6480
18409
6718
13927
67997
47508
40428
83357
25099
2344
438
38588
11001
56570
88875
45935
11535
7770
48997
57592
34537
83347
58228
71962
60474
42010
60129
17254
40823
54765
31899
96464
91412
24321
49796
62231
64002
22990
94362
10238
21218
83152
35583
28987
34418
25144
27304
36718
75313
49548
70863
5788
27415
55344
32223
58599
17479
90327
91151
80050
81606
68146
41288
20070
96776
47402
64332
81673
85760
22666
9568
61889
38998
43923
80659
41617
45298
99016
66794
92237
64300
63993
68367
26156
55997
9396
58258
87583
41630
91428
27149
67816
2314
11886
87108
70465
30552
37827
36498
14804
57229
8537
1007
80764
65497
19267
4394
23424
16774
74245
40847
27780
92612
94068
35683
6888
32320
11347
6936
43071
89411
66121
49195
30076
196
92678
45571
36999
79792
91447
89005
48016
13264
87104
67255
3343
45685
55074
63101
53022
28898
74104
76595
7573
71185
76540
41566
81246
45848
81521
8910
44751
54731
10556
84745
32998
58634
87198
11521
33054
21376
28048
54594
37725
56059
59211
98345
12144
10052
82923
13761
20409
68635
71968
60682
5075
52304
55748
17360
65196
98807
48084
78648
92783
19120
19532
82468
19340
5367
12064
70360
88034
81338
95520
73278
69036
81790
22741
12798
59720
34137
27067
56062
15849
96434
96928
19632
6733
67177
69214
60391
95045
3384
89067
87630
50477
4831
65202
76605
60860
57438
94814
29746
37084
75534
279
74991
74313
23778
23549
73558
61716
65088
58454
93441
65847
11520
51867
86691
23003
98786
69435
15340
12639
19677
5091
61949
97851
55729
80036
45796
88811
80477
5269
3137
83688
79749
5612
10511
17873
25496
16589
1206
39896
40784
90802
64042
47575
69963
98128
6683
39315
99595
11729
14622
74617
5598
23309
63150
77726
69525
82880
68749
77925
26890
90875
21436
31309
41139
85019
84199
26950
33592
35381
55802
34819
81265
92612
35154
74020
39548
27537
62581
68171
4047
28967
44215
28872
23874
26487
79553
49254
92207
88803
6787
7076
5481
92183
18243
84830
31925
51860
77699
23262
93271
79991
22480
29546
987
6739
25789
22357
73378
48785
72559
66081
766
82764
3758
18455
72769
71384
70212
33472
77096
16684
70339
61979
85701
71802
11406
56053
92024
53884
75536
90985
17343
76826
60993
40064
58990
35775
63221
56936
27292
97667
11920
68690
75455
12812
71353
55887
52618
82325
64546
44053
32102
769
94371
54184
33137
90371
43702
96769
57580
87682
52860
99553
58564
53048
88325
30430
52769
35636
6093
58
5072
36284
28823
97141
32000
87089
24121
31274
83000
36568
92555
11284
69837
96755
52272
3057
26655
34460
10801
3910
47020
89394
52015
20794
19454
24620
76135
71084
7945
39933
52479
31216
73722
98331
63595
38087
61415
60683
95669
80526
33541
23190
91929
62665
18086
10341
51637
35841
93543
63359
34053
58660
93844
27447
85539
5864
91383
39582
80820
35432
1768
74696
96476
51204
26060
68487
57239
53315
13662
45808
87177
89381
11192
41975
96506
66619
26561
36835
34321
44676
48830
56557
98723
31759
29156
31573
46658
98897
65891
6001
24277
89077
24896
19728
6598
60673
88988
33342
13390
43226
8218
2824
85650
93876
45351
99064
50767
26128
72318
91264
96055
79205
399
97529
51470
99156
32285
43549
55147
77029
40450
87824
58195
93040
90999
37667
34287
11257
42678
27338
65320
69131
7456
69970
46763
16307
62916
90776
83501
5846
75584
29969
13785
86176
17662
38889
13182
48662
22819
79829
59644
9856
96359
77686
99075
18926
32306
34821
64537
19920
3737
72809
86963
28672
74980
79368
96084
52854
91254
31865
8222
59927
40606
92363
91257
70823
80602
68286
74015
16470
77792
11674
77679
78609
93710
64745
84702
32764
77488
81661
48777
68008
97215
89309
58741
65446
56197
71127
21463
30665
22283
99771
51570
36861
45723
14170
77674
23165
88212
54695
72244
62125
97963
29431
61751
74239
3827
70810
85330
49002
1485
64393
98396
51339
46134
196
88895
31218
93170
41644
32346
45683
64418
46274
29706
9871
2705
52317
33903
75999
79003
68765
51678
22539
97575
231
6898
7519
94710
5966
62299
64821
40460
40224
77555
4984
97893
27136
65203
68296
91882
35494
65206
11368
86811
25660
96630
43181
65340
19605
9750
17968
50366
33457
83250
74132
72718
80262
34728
7077
25110
23236
76712
43253
11429
42606
43413
71149
19643
4231
52873
84481
62805
16768
30067
88450
91246
45837
93103
24975
10968
4391
25152
29413
76838
17523
79866
3331
41155
45691
77239
43143
43653
97882
57317
62826
70839
74112
44915
54383
88525
58460
22774
83039
35847
24436
79898
40191
28513
93895
61703
83663
1930
10750
64447
59104
59001
37330
6864
62194
34216
36285
20323
1655
82784
42025
14486
17274
86258
6126
34791
73155
38284
47667
27229
56388
65520
17861
61448
89335
51014
62356
12215
17247
51664
97863
36263
46800
79170
13545
86895
31182
1822
90655
36764
20987
23162
82073
95955
95308
78683
58605
30858
68301
3118
62960
58635
88388
36567
12325
69561
95577
32647
27963
34063
66436
19474
81849
62914
11003
5131
912
30732
49062
83309
27923
99470
2661
442
96763
62679
52199
40992
45781
91374
77429
10758
9179
89708
57343
71281
38030
49250
93618
91125
56759
39476
75954
42178
52493
62013
62893
61290
