73315
76963
46473
75744
9438
79640
49354
70699
99926
12787
94817
99490
34349
77281
61451
92606
32926
93571
41602
43016
45487
77666
66801
93772
50354
30636
71007
34831
83638
99428
24058
45241
97353
30450
73724
97479
87784
31263
80455
43752
89662
76090
66483
73385
40950
72206
97704
172
69930
16898
42693
85645
6881
51003
80429
60091
7970
40107
64241
59493
67582
29734
82455
44357
69031
51868
21451
20189
42290
93320
95115
5252
89958
20460
91393
50297
1980
87154
34853
19528
28085
73000
61016
59031
7881
37
55149
8800
64670
19256
66885
7061
1876
12250
46622
49400
52774
69627
57091
88843
78012
62159
78610
64500
59784
56674
71376
28381
7905
55333
31253
83338
64247
6392
94075
48910
88664
20714
61911
86212
39467
17672
28999
9805
39756
16866
84794
4654
18137
15301
7715
37545
40184
1139
67818
67723
10016
53663
23302
91402
75289
32802
97475
16801
19388
28764
64824
2143
84724
83720
34129
98831
96944
61941
43397
44640
63267
23135
83501
79573
44186
61510
45156
7747
97112
10969
2589
1378
57384
98473
14103
76816
37158
74650
71658
52484
20856
47928
43865
99179
80992
94712
39090
84724
80903
58349
52401
70392
27591
63255
91339
38367
42356
64815
10961
71278
33606
40247
11267
10676
31976
39272
29153
51323
27536
45586
11671
71986
88891
74802
29733
97346
23572
90988
6060
86300
40433
52796
616
72467
25142
64707
46028
71751
19037
4374
97583
48373
2079
66182
91347
39294
98195
77266
35262
5154
49673
28399
84744
11514
7228
3713
32002
71177
71388
97441
4918
55664
82931
41486
92018
69462
78188
69774
39549
49718
48229
97352
9648
75783
6416
97922
85608
14892
55806
32378
80103
95406
12110
19236
69982
73483
6125
86693
77319
21759
52395
19985
88810
24641
85528
76511
158
73621
49697
90858
99714
22075
99237
90334
8640
53567
4587
18641
17969
68531
15851
99995
12422
73535
87582
90824
19624
38171
23002
92630
66999
59675
65734
6413
71189
89823
6034
81564
61111
60252
90032
46700
29380
66001
29897
16186
11844
59839
36063
38194
18399
70164
46421
59980
72601
33192
78977
32292
33534
64324
33304
62715
81136
79727
77733
58221
74478
86561
41182
29323
33878
59972
14634
5324
48717
99931
81692
25168
43942
48906
3052
42430
60130
76790
21889
4816
96675
48959
2886
99271
59314
87750
67206
31673
65653
10039
94143
71332
64984
26755
58482
77744
82267
2290
28627
45022
95981
80016
38735
47083
79136
89013
58343
39273
8936
66190
95137
1616
8391
62002
64000
37732
45691
69991
23429
14059
57234
85084
21345
58583
97745
6628
31056
58816
54101
50118
78790
55001
38558
99348
11863
84290
794
33336
99286
37730
24323
58751
33144
25685
97291
19471
28950
63021
69245
70319
17580
94210
90536
45234
15548
52959
97551
78507
7984
77231
31332
8935
86555
39831
67716
8287
68828
69451
7542
39215
13833
30170
41130
91057
15222
19230
56689
40012
66473
52651
83513
41017
96276
35177
96963
28393
21426
42397
59485
10537
27758
58201
11423
26334
71552
94881
57565
34529
45261
44989
52640
7636
23569
81710
51981
14804
14158
67071
64905
79724
13997
30012
13791
60480
20786
77047
19437
77133
71667
3869
8653
41101
34057
33624
81896
53162
87144
78967
94948
96811
62616
54051
46342
83207
54831
24412
27611
30268
38931
52144
62965
21437
80715
45007
8255
81343
47591
90369
52191
66160
47801
53417
60450
16414
86873
4481
55258
79848
32828
22357
59736
20374
12420
65364
91665
71929
3473
82238
95293
86201
82113
14238
17959
63539
64873
83836
65654
81938
49319
2912
17139
83383
30936
71676
2791
19467
10050
66991
46157
18700
30090
43475
59958
18412
48370
5319
17819
25539
49999
67985
4293
70400
22342
60392
48356
90901
50501
43018
53611
49422
46424
93352
28677
36365
24608
78750
81251
83304
18601
78685
74043
81742
63759
86503
59272
41367
53509
12292
82188
64826
95928
28008
25725
96759
27517
67989
99278
90439
22397
78715
80137
46463
46194
12822
33506
49197
49630
27415
10211
17710
58053
36769
62647
39855
57369
26194
62433
76820
88781
99956
55788
56825
29084
89318
66392
36726
48207
36100
94957
2292
14647
55363
72495
6048
88357
11360
94294
25711
65427
7825
14405
20882
99043
20534
99260
44534
8566
53921
47472
92635
12914
26083
86539
56191
78946
40285
75970
64783
28173
86483
6294
7900
60996
37622
52003
86012
83528
60786
30644
18609
9227
265
48635
91302
75648
28163
90436
53816
53822
87168
58907
59573
39809
36029
70987
45921
47689
78461
46855
83781
70953
44737
14511
8982
16804
95024
86453
15280
38536
15482
65225
67302
60463
61309
91505
22607
83977
32103
48335
50107
83529
21812
74402
70433
61318
8956
94815
54447
41754
1663
42908
84671
8679
80043
55675
16699
58540
29956
52953
89851
69161
83466
86954
7209
79999
56827
62649
58416
29562
8090
22743
72512
83447
78257
71882
86945
27377
48686
83712
81424
82062
27227
65689
80305
77403
93807
50320
26669
90198
13696
90127
17044
31248
45465
76232
23904
43448
86428
29544
75193
9546
86585
41889
58300
49494
98436
90541
79656
88137
13017
8044
40045
47583
2887
30712
18403
19320
43009
50931
66642
44429
40833
80497
67278
85265
53971
11062
98322
73773
41331
90466
17216
1300
47538
67998
44548
71022
91656
35533
79896
76923
69441
71889
5600
84583
42124
96767
42041
29941
90721
42906
16228
12770
53279
26089
9152
65061
59403
59418
24975
39467
84044
22888
59573
54061
13508
79122
30771
90302
4041
49175
83800
39608
9267
80466
78559
74429
95763
7283
99869
92595
91806
3525
12235
25576
98982
75946
49049
79061
67683
90922
40097
50033
4665
23137
25476
61881
19167
51156
82583
8664
13860
26272
7437
95983
7241
97312
66903
57665
58486
93497
23516
63528
83148
94650
45507
26650
17993
12891
65066
44959
82140
10944
23975
68355
61363
33935
30570
93481
63118
3344
90925
11017
3794
50213
22100
43017
91423
12554
49405
57155
34740
91861
91534
78308
72118
54687
92491
5053
3408
51695
37371
78900
40389
60261
62352
29099
68675
2492
6749
49789
58304
14146
98145
86974
85551
409
63438
87236
78101
92124
14448
26981
75128
85684
68791
28820
40691
63822
65242
9728
65235
94788
97691
4033
21564
52341
404
48339
52482
16815
14569
51335
12270
62976
10764
78700
9500
80941
47616
73800
4908
61509
53670
16708
25513
27246
54565
35061
13489
93441
37314
71268
89614
30341
10162
70859
23003
55987
64645
92463
73719
44878
21963
87038
71878
47569
87726
10517
56408
54300
29635
33751
48482
33037
25612
87220
9845
85487
84310
37902
33215
92397
58022
51932
91786
91822
79444
54248
88073
47213
36300
95055
15107
74059
99281
73777
58796
61206
27728
53913
34530
21017
37293
77045
57069
27730
92785
79579
11537
44091
3034
461
2303
59746
78719
63768
68487
87366
97230
99518
15840
58184
24231
77153
56361
30711
73590
69050
80020
55548
32952
71484
73947
33652
21094
23838
33360
94585
98829
19862
12180
39032
21125
50744
62281
28472
88632
38424
3048
16941
70527
50791
95238
66437
38839
47304
15841
14961
10256
17179
21296
22556
8975
55724
96603
28827
26306
86455
52530
44164
56100
82318
26278
95676
98830
23446
38630
93257
31132
77281
30160
95905
67591
82900
62828
86689
51117
11887
16507
86762
26407
79891
58534
71317
91185
39709
18163
48206
51256
96283
18736
62196
66308
10696
16104
39874
37294
57411
25285
36232
24258
78686
38181
85725
76199
58532
23297
86057
96606
71900
84674
19161
22960
57873
61082
34529
47209
54778
10753
89341
74766
68532
21888
59375
12843
19874
91805
75021
62600
5787
98696
23156
22514
13842
24187
84970
94884
50892
15320
60490
5060
12803
87136
36610
21749
50580
34486
63872
13037
77575
44083
83872
6263
29309
39512
57380
47498
45365
12397
84830
25364
50406
59280
55271
23773
404
54562
5757
44031
88837
25781
37529
85341
90710
15752
1909
44446
35989
26338
8803
22674
63833
55013
39789
55588
98006
80375
3743
87873
44669
94734
7020
29007
99373
97268
12730
57022
32223
62693
68715
55022
49267
26705
13642
4434
56122
41903
89553
43576
47097
2284
60884
59955
74615
26113
66334
19240
92501
44327
93663
37419
86437
9183
40273
78496
100
63723
99515
46135
65641
95259
25468
73858
43507
64939
15658
21888
53760
82221
28096
44189
85306
53784
18755
85836
63258
10346
31575
70090
64591
87817
87378
22257
15313
75908
22086
67010
50690
85322
18372
84798
78239
83441
94475
50719
71769
73639
48217
36046
30301
47456
78037
82175
10420
69748
31963
95348
88992
20120
45790
28569
27
5522
86380
25097
68611
77039
76426
76973
32727
79967
31760
47501
51097
1427
99616
22862
90071
99643
41047
16834
52141
45612
5926
33541
19172
73164
37192
38064
9772
25463
85061
78943
70910
2857
55017
20154
1109
91116
37719
8106
79855
35822
51504
3685
33001
83426
45343
19318
55872
47918
52471
55260
57620
38313
14529
33359
85277
51330
77925
35671
32855
60249
7914
15441
35011
56281
72177
6353
51612
41377
62420
79499
26399
82824
59608
50141
4588
92142
96737
53232
54726
89217
85095
39040
31749
21947
93319
35684
24811
76107
35112
51521
89431
61530
12981
64353
66830
33889
45535
18460
38875
73831
97894
97705
33320
48335
79341
45471
76232
75363
4952
91568
3677
60647
64385
90927
52351
25081
39328
86259
9107
48180
37086
46401
19062
34602
53060
86774
89238
4715
11355
35972
92272
19892
88080
58673
53639
55712
71197
21256
34001
34405
65235
19498
49152
13706
32521
55206
35345
57441
11744
81533
36920
82500
2268
88847
85348
97143
12454
95022
97522
70276
99424
56712
38297
96298
45603
89142
60853
12802
41445
44288
7600
5449
14159
31317
85627
11185
34969
68039
74093
13032
47519
45955
40702
67317
52315
41356
73615
85494
74291
14063
2956
99226
30206
20058
72066
84039
33005
28754
34848
35910
56229
88679
42032
99873
3570
24042
55475
8978
17392
49219
53285
96825
12876
56608
19750
55510
43501
53579
93330
28426
23832
28310
14332
97847
25166
48694
13006
24262
35655
24375
48367
41003
72358
37940
90198
65835
35984
14192
62415
28725
45491
40116
99413
33982
2696
19012
9643
80029
12604
86867
62215
16864
85954
65166
28476
7514
2801
75438
90407
87237
98190
27938
65841
53696
12029
89664
27605
73635
98104
60021
32062
35596
89913
17866
76415
70689
34794
16461
88378
905
66952
74764
85569
44474
40720
19055
52766
84363
92830
43883
50855
16610
22300
47985
97415
92162
14320
37538
65570
83146
35542
5417
76177
32923
61682
32128
81670
49914
84864
30986
68676
36869
58023
11103
35241
96274
90141
21924
13933
57409
93852
96697
9745
52072
44075
184
41795
33263
81232
60429
34128
51181
72571
58580
28395
61031
11110
45714
40993
7003
52537
51699
96066
73823
79182
64467
4510
33423
40173
71139
74509
73241
68034
68661
50408
66574
52089
71985
90506
51644
39523
29417
24554
31030
90653
59753
59923
98253
89167
84038
225
66435
57854
22048
34446
40730
93047
87725
92182
96603
44842
77310
11474
81473
87735
47709
95162
83253
40095
74529
10644
27202
47318
17105
28651
43293
10927
20927
93206
69094
16456
44737
91870
95010
54886
40608
87600
88633
98914
47470
25149
73404
68973
9762
88764
32892
63941
64015
67995
46733
69352
19370
38162
27616
85189
68048
79123
44262
63850
6621
9128
5769
37346
8069
35895
43609
47103
38785
61268
41803
7917
63227
4648
79840
17747
58684
87237
30684
36478
53045
65739
81797
24755
37627
85206
41016
39232
35309
63537
91603
68395
8582
27141
37183
76598
9688
36524
81206
57638
70233
82267
51111
67084
76244
55964
95645
78073
76379
95453
6391
81180
43995
58566
85328
15378
57406
93119
19441
82829
7630
85622
87388
37983
62371
76010
26330
79876
70000
52016
84323
66721
16682
12122
22572
22951
51468
82968
34319
33191
31605
68155
14944
66561
83464
21770
47416
41685
65467
95761
89193
72177
24957
56790
34892
4777
19102
58544
27554
13284
67129
93511
15666
31389
74840
95277
23653
77948
9454
28170
57493
19880
39814
71447
47229
83975
29808
15101
91882
44052
38081
87227
29344
62539
78241
16961
66792
69426
63422
67978
1905
2581
3461
37410
94288
21044
28023
83082
79281
72790
99583
683
24031
4406
9155
49612
50528
91747
25941
93706
75475
55265
33338
93360
46169
74588
58062
27293
97903
1595
63325
5581
32766
4393
89856
15928
83743
34255
27072
56168
29642
98915
75852
29022
94584
50386
43771
9570
41856
46290
25403
74287
28664
70859
5079
55904
73814
43925
4461
43383
14595
8263
51743
77024
47467
80130
63792
49838
6985
93131
92044
57802
46871
77953
16834
87235
84661
59558
91025
45429
80739
6402
56500
11944
40336
26341
82996
94735
82348
44050
56251
72789
25846
68682
44372
15775
9912
71930
64210
79521
95286
64686
66433
81361
43782
41871
52646
90242
97486
89712
1575
55801
43879
83459
38399
64895
89588
64258
47685
16688
4514
69027
61557
50871
16950
7474
10707
28190
95127
10869
75312
96505
26961
83449
94596
66148
12768
65691
48216
43531
65333
86963
62480
97202
96719
24350
32659
93870
54177
37062
4142
38566
87400
99930
26416
63756
83639
5518
69809
27246
68178
45719
24197
38233
98848
69038
83033
80966
5945
34512
48543
37438
98116
22061
92823
22148
24367
64041
89940
26703
77074
93595
80920
18482
65974
73358
98837
60076
37575
44023
61876
5148
13571
96670
13287
15666
33385
70007
13439
47420
77096
6847
94907
51729
38740
89677
89248
95858
61479
19381
70477
13087
81075
47889
10527
67180
75127
97221
81796
16041
93945
49665
94039
42656
26635
55061
53773
75200
32400
99094
14823
49576
85190
41998
69494
95611
54337
78090
74957
21510
14142
24866
63927
94359
39758
26133
7574
1774
60214
31773
9539
6145
84032
10846
56825
95220
44155
80807
43433
24593
80244
44898
82853
41934
62197
99359
40577
39828
33124
32202
9361
78742
60417
97395
70186
70435
90745
37140
18290
98971
57071
94014
43735
24500
82200
27390
50578
4620
12725
67210
67497
9426
76142
97444
80448
63192
26833
71698
96436
79675
55613
3669
92468
23062
95365
95390
5628
41930
54865
51072
7800
58317
29470
40525
45277
34002
83133
80214
95711
196
90230
88742
18380
72584
59997
29272
22887
64251
6583
29067
7613
79510
49331
90516
43093
43868
73558
23708
97671
64643
27779
67724
26443
35955
15905
13918
26818
63834
18262
9394
92114
78703
82135
29622
41873
81945
41134
41599
77083
99673
8569
90571
7310
53143
6074
42277
19366
47732
36483
3576
69051
79127
78729
33702
17714
48860
63132
70306
19099
64077
10480
93329
56239
21518
52943
2673
72712
26601
23291
33695
26272
50567
97020
78167
66462
85061
11206
46846
25659
84429
22944
10981
9180
824
11737
86753
55180
99334
53625
96399
80795
82933
83102
4394
10030
78359
7837
11551
8015
41470
29142
86600
38360
48176
408
94804
93057
85549
26547
48305
70767
26711
13735
79705
14975
75745
48503
20484
71846
68178
11989
60536
18851
16343
17927
55672
97695
82327
41340
5191
8604
59075
39392
23062
41412
73962
3950
38804
4148
71633
2063
13389
7291
47828
18935
34640
54768
89305
80101
53616
92869
488
58566
98886
41358
881
59697
82138
3287
36078
18240
36975
32491
66449
15144
77279
61861
74352
95311
27740
37188
4854
55818
64638
2978
82771
48852
73662
42942
54694
2355
16868
24994
58713
19781
37861
85319
68791
78502
88782
39232
44759
68762
72616
26058
35739
83542
25887
26783
60423
73803
15393
18256
59777
32973
64292
80827
73135
79421
31002
86236
2839
30419
2652
43076
79768
94505
66015
82143
44637
52837
95850
9555
28480
29722
3944
68054
81845
18295
19668
44968
94616
98737
77361
88718
47199
7647
62427
97330
90794
36618
36340
87363
2047
84085
5196
12933
93416
88146
36494
74112
31506
27283
85782
78466
75409
14575
57868
82372
38939
22499
12589
63823
52305
73292
71532
83870
71441
51156
71789
53781
3614
43215
97695
30949
96780
72707
51115
24562
52466
3891
86127
8479
91655
73548
16781
31777
98117
78995
28165
15233
48703
51016
68756
67128
61098
19687
14926
17435
22195
41039
11114
33741
79586
39162
7499
56219
63431
22716
45270
4367
65695
99799
80569
67496
84791
72485
93432
53911
75807
18531
36676
15482
41417
98459
16396
15214
72929
57502
48734
13636
52448
64465
24838
45752
71808
88059
850
79884
57910
47614
81128
14634
37350
72943
6745
59974
61856
1279
79875
99942
35889
72846
22071
35571
99012
10966
3213
55611
54254
57830
20049
20888
61096
82716
97057
82181
73237
56769
11072
2878
86126
52850
66910
92261
72740
44922
30452
16799
92403
52989
43746
68461
44951
93805
72022
32157
43874
86014
64228
97387
76622
3094
87346
76125
50438
76143
50953
31190
465
32814
81813
9684
73977
48475
97959
74346
99101
382
95339
31241
73955
77555
23852
78371
48089
1144
39834
71660
55780
43388
62263
75645
84268
72612
8989
54889
98015
21660
24026
61133
34994
27640
36296
72794
40376
71867
37674
97076
80061
12863
43298
54165
4471
19811
80637
11126
44672
72783
50050
56908
21151
19733
81968
77171
76060
91318
66418
16515
60941
8161
50111
47881
59521
10112
24704
64757
84193
2917
36112
79521
90769
87965
17851
45642
45297
20853
96041
454
53906
46577
88553
69634
59045
22655
19169
76091
31441
86380
97400
8483
28204
99062
19663
63257
3277
26092
21659
36639
67498
55347
22934
35120
91942
71642
31656
93185
47652
92819
18250
87785
10389
78324
9589
4627
18860
97262
2762
95414
94667
10281
75557
21087
85886
42590
57925
65147
43832
97501
49554
66180
97803
32956
16561
89955
97714
59550
37764
88297
5399
94719
47428
19124
80403
97408
31317
10799
91009
88699
32990
73279
31331
53053
1875
81690
85914
54540
86354
39042
21100
83840
42669
42172
21259
912
33362
98223
96769
12230
5945
71130
61134
13324
29398
99340
84988
28721
32148
46164
86532
92282
40182
25027
80612
38356
46846
93941
65829
60327
18240
56901
75882
1620
45126
32886
38406
39364
87151
50439
47329
35189
46456
98111
51427
31876
41562
2411
29490
84221
53200
62483
14308
90221
86211
91526
98692
60019
28372
20866
1733
59780
44419
41020
59127
69301
67697
42984
76360
66532
25942
78193
26571
11824
40612
48702
13703
33659
91008
51966
81755
47669
79134
91675
93037
76554
51414
78452
98394
70757
17746
17938
94864
49950
48183
69071
715
49991
88625
92760
31117
66890
51716
16316
86561
85879
25429
23677
2756
75002
10892
71699
76259
88397
13173
47876
1556
38893
64884
94244
78434
43873
8510
61461
20963
24031
34660
79093
97258
1785
98800
77080
91957
71946
36068
26853
77900
71125
4610
82595
63619
52166
76223
42596
27818
36762
68881
51073
56166
70398
38177
95606
83062
15002
28812
38462
65710
8843
55575
62263
40459
27725
15673
91863
58469
5242
53442
97318
80439
91214
61373
371
86783
44765
62985
12208
50186
28239
41147
77492
38442
87686
16772
86298
55547
79541
48420
91459
71460
72214
10002
47961
97881
29608
77286
45356
67816
54388
73327
315
59579
4281
54376
19634
54076
22801
79091
91483
49718
89385
33536
26257
74056
81711
64796
591
75012
66620
24202
42327
78599
16106
1215
5838
87301
82448
36579
33143
69175
68179
2961
53796
40979
606
25059
68910
23261
74122
87011
52265
84606
42873
24936
1118
58071
7428
83182
80791
84285
88085
18266
27719
14186
50684
240
27087
82572
33340
68228
85719
39759
9192
16484
8846
4295
22560
92398
921
484
68281
16369
96914
97663
9362
49380
92879
43055
22365
72532
41761
27509
24039
96333
89660
88491
60310
24547
52703
93527
84167
18793
22839
45499
89441
74322
76335
31872
10903
30754
6954
68527
72769
548
32131
34090
1235
86284
85224
69589
85906
72261
89697
24592
52601
8591
92836
37812
70251
60875
17268
90680
52228
7773
61197
78620
69198
61909
41587
92042
62281
67723
22534
22741
305
3889
71408
16489
40281
8312
409
53737
50026
72494
79010
55260
71087
70297
53447
81785
77360
37673
24780
83835
14556
62715
5679
83738
60638
38312
4908
44318
66273
18791
68063
56897
8706
66310
77285
83624
10802
66026
63950
66583
26276
62483
41698
2747
55280
14494
93206
81898
21640
95256
84623
59498
17970
84021
72780
18821
45560
62834
63211
12067
35823
10989
73385
16648
80854
98478
25303
88922
18421
97004
20149
281
88446
48541
348
72272
10047
64539
6745
67689
54660
66546
4890
75811
44494
80526
3381
61102
96658
90007
77876
11367
35689
18865
139
34243
62518
30358
31140
40268
71799
68667
44508
13672
84710
68313
41343
23507
17866
55820
57840
36678
87630
65689
97487
50092
95138
12170
3186
59698
40344
17412
94644
86114
49511
97408
16519
94297
91728
34132
6213
60677
13303
81266
40086
84219
37085
38543
7042
25815
38425
8854
34527
96099
70806
81672
68922
16882
44148
88296
71919
67599
73095
65471
13305
87519
27624
37858
88530
59954
27939
50308
89201
16467
23390
19577
61027
74739
81523
55471
95119
81903
38614
93360
36925
66134
46237
36989
58557
67014
61995
94068
92547
74931
92325
67165
40516
2513
91375
79088
95581
83512
23268
7711
20820
97421
9329
28464
80126
19746
58850
69238
27622
83810
77887
63712
96499
65823
76344
25894
88824
23501
32809
28482
14412
56076
72742
22787
26117
45670
89103
71313
89648
25942
63413
67478
53419
49642
13941
3266
8982
4811
37934
82692
67541
16256
59403
30899
30578
38467
26830
43089
73425
41520
17963
87893
77584
3926
3054
52522
49504
47512
41362
43498
44762
22
98387
8791
62585
59322
28895
24440
74450
25844
81123
55721
39386
20521
83527
25152
59710
64906
12654
63276
1363
783
15851
19799
73155
59367
42357
68318
86167
47521
2800
50246
53833
81948
97456
16865
53689
14362
49062
86741
90500
8133
24701
54251
47768
68765
2921
88199
2767
56467
6745
77684
77107
61401
56010
86357
49056
88946
3240
43042
78797
86802
29903
59667
9694
75207
82248
95237
75531
50456
67597
89524
348
98913
35699
83152
44502
29054
22920
25253
30201
43303
45961
70420
39389
57541
89312
98948
15313
71043
53921
46335
80455
64261
415
70750
50938
73798
95508
65753
20589
66305
82507
84655
63945
70260
32975
45768
37566
16600
29131
86357
2472
23829
86672
53564
73099
67384
95362
19707
23295
93314
33916
61379
47185
69275
28598
54682
6897
89839
14930
58868
3930
51663
98369
40997
44329
97807
16913
65647
66851
81129
34058
44851
61932
58137
4163
68044
10509
19769
2833
56097
91143
63389
75789
3889
65934
4990
169
25164
43132
11234
53201
95179
89527
73558
16174
55838
93514
11151
16322
85234
16100
13087
34567
28509
75237
16509
28286
93719
86980
31861
29773
76209
86646
31280
97220
40888
23335
7501
9507
69152
35850
45014
56661
72631
46911
17167
51014
36069
34336
51951
94504
64361
72367
33575
38598
64711
96073
41921
14506
52680
63102
66473
55824
76010
63338
52362
69383
53463
96748
91183
86674
41013
87950
55712
5760
7154
38462
65442
31224
61020
55081
36550
56860
12933
87630
42132
58261
87463
69841
40687
46432
81787
68393
29890
41898
56915
89066
30820
67607
84530
45115
1397
95279
78133
18138
95537
40344
23050
7116
87320
85685
91226
76677
85781
53957
58827
41289
59243
53816
61881
67218
34110
13711
74485
9042
42870
94768
78783
18174
42479
39082
54296
94163
7431
83116
38568
99318
33496
93069
94466
25639
6717
79982
16823
53805
82888
74623
17147
87627
25450
19789
98505
51171
20223
15944
20981
42637
80144
49075
24833
73858
44250
64889
52737
86951
34855
31211
37643
47309
7034
73458
2239
12046
92720
61847
87111
64507
93389
91423
77973
85539
94965
71634
31152
36559
17471
61648
55478
75439
72829
13811
50885
35534
92510
53122
32323
36135
2718
58107
43092
93408
5830
34110
61396
29978
62073
83092
34216
33193
97272
50309
44996
46934
86955
94658
50358
4755
89913
57856
15692
93874
87679
1461
69262
88652
34922
69035
1938
56210
23913
71015
30456
45011
78873
11437
71415
32308
83736
17291
36482
67400
82103
61601
62074
50282
99522
32415
59960
7899
67840
87953
92390
9634
79920
54507
83521
16291
93906
45208
45612
32507
173
50838
96527
87124
89361
32820
32872
84415
71629
24391
49509
38770
64011
48815
76861
29507
69624
40445
72692
66785
77237
36372
43318
12121
8062
30312
43274
66832
7175
23379
81385
73084
80277
98479
62798
97985
75609
2742
89373
80289
20681
14155
72145
25622
27209
63709
39291
29106
43072
49407
742
2778
33596
31123
3057
73512
95337
56435
95984
1343
15291
77785
9222
25710
94796
1469
59503
2085
76183
34935
92591
11038
24698
13930
45667
16907
83086
48041
84811
55531
92087
18047
88070
75445
63778
14002
67224
91581
61782
30122
28010
72149
25923
34341
91568
97832
57030
98536
33565
35512
22850
25263
55489
97784
67290
48985
60352
8682
51740
87434
4433
87772
18262
30909
13816
95637
96621
26242
65375
1458
8389
37526
57140
16395
23264
39989
10568
64994
46486
42989
80032
3382
51939
52108
91850
5553
32
95952
89392
207
74212
7891
18235
53365
56773
41577
27124
98632
43872
34873
54402
11303
31967
94632
57482
71210
13309
1057
64924
20638
90835
46572
56196
21584
90117
75470
72455
96560
91731
37619
8106
60889
89655
1361
29763
48567
58154
46861
88972
54495
39619
74503
60987
44422
4032
82090
63334
64939
92272
40223
60410
26996
54273
13309
59397
24183
41157
16943
2900
82525
38294
89629
88264
29392
61833
84748
85160
87229
38936
57244
99671
70116
83432
29220
78444
14038
5090
20188
30604
43976
30315
31645
22196
75684
30979
58680
19817
22021
21558
70201
94727
19997
92126
59488
49285
66824
20978
96998
92493
63938
1867
31827
26635
59443
45454
50667
94147
11657
73447
16211
14690
64477
3261
60147
20591
19361
25481
3868
77994
91206
13074
4363
22440
25004
24567
42549
71118
99420
82612
50259
21174
94922
82718
19121
3249
74193
35145
73192
88689
86193
32580
25768
56352
28418
21601
37791
40472
81175
82249
52989
20554
42577
33269
36335
53614
56795
99217
15936
20761
42369
80772
66162
27291
41852
35070
45453
32133
91575
55856
78784
18414
41829
20102
64950
69081
79257
30210
13322
45809
67127
80673
31343
28784
62534
25602
84670
82552
78720
70413
67900
37890
47719
14253
94114
8682
38319
76675
68497
16095
80294
88952
14794
56526
17765
99757
88590
88779
92416
45872
29457
88028
17805
55445
83374
54070
87700
57506
53505
83912
99958
6139
21188
41442
82357
19475
18473
15074
2676
18512
13613
84851
25329
90335
80302
7418
36806
16112
83601
60456
77965
45257
41035
62359
96285
7201
13894
30184
683
76582
59256
64122
78553
35540
39101
55691
80058
17317
91302
11620
80417
5856
72429
42846
32858
2835
11020
70501
56757
4596
34479
36897
45138
31390
61523
43126
34052
63036
72664
84449
3569
52574
15451
22544
94759
9405
51948
71926
10049
42028
38576
89384
4083
10959
22782
66774
21729
92973
89614
83465
30073
3898
88868
31858
69515
57847
6417
84222
11790
37992
51008
7939
46876
2577
12937
40853
23392
93711
75255
32691
97289
22135
80339
34835
96038
56335
83746
50537
55992
41080
9576
70890
3725
62201
43606
78468
40912
67742
56967
34525
62056
56453
47118
42677
21509
99452
24034
42522
9988
68836
48770
15012
26804
31436
13642
54481
93445
56387
2250
86647
58338
63688
2231
20138
92961
6347
82885
36618
65098
55582
68304
50090
27935
36570
28195
85108
81739
37860
84683
71866
68233
46327
33737
46379
83205
22325
94862
18657
48189
94403
88515
2845
35729
82096
15422
71402
49644
81237
81984
97268
68250
85873
23787
93227
10723
88101
31686
37124
96062
67463
10733
88841
4161
62490
60281
84964
8108
86130
76670
86206
44074
70577
24936
71273
70451
44405
48411
48231
24820
63494
96954
21245
38630
36500
63831
68490
71327
71068
72497
48749
24843
41411
75288
13388
93218
7401
70260
32642
38699
37408
57455
66730
1372
83652
26583
84573
57907
12896
7039
49225
63682
44184
59295
34071
62798
18965
86622
51254
65259
63194
87965
42166
25963
82954
38833
2916
97975
99773
39159
20176
46325
22201
78804
50614
90749
99418
76257
11545
78975
97013
22082
51680
3552
83749
56785
75749
82784
14063
10742
86990
47736
94572
39944
10441
19482
22387
21913
17302
9984
18347
12014
89162
24559
13702
50386
1710
2465
80400
17411
18073
9189
76580
98999
83723
34505
27517
86133
65450
47548
44299
73079
63276
38915
96444
59914
37567
33124
32776
84860
58520
4993
61461
190
11328
30994
57829
51962
20487
40273
83193
18331
60872
57645
32893
55745
31385
7936
8133
43504
6525
43238
19215
4434
89215
26695
2109
52726
57099
14882
8282
84227
50545
22207
48064
7178
82296
30115
13587
58267
72911
80798
99821
81080
43973
66639
55854
77665
29198
64746
50975
51300
54671
78883
59314
95825
25192
94093
45581
64850
61143
1086
96088
75612
23311
47367
11475
74884
25221
58045
9408
80218
59039
59190
53895
64188
59942
90558
68961
97996
8473
12943
85523
3094
31384
45626
24856
65101
42099
7991
61171
7561
41832
5902
88994
45661
65036
54497
91294
8438
61500
300
88388
66856
65546
30803
46150
3491
30885
6772
73742
71052
94714
10916
89088
53476
22067
69832
44682
48809
73638
50877
64771
18745
71884
95845
77037
25224
29364
19704
76221
35034
71282
71694
59902
76923
47693
34829
14211
60343
63221
73689
53650
88846
93396
33587
18410
99475
82353
67326
37461
59307
76162
83295
34104
93238
37169
38098
81620
82170
5007
85314
96751
48848
88316
2489
19453
15873
30861
63692
28549
22064
60448
15098
39145
45195
15334
23585
52842
81182
71374
10201
98484
41173
34828
96441
46370
69270
65962
68189
72179
44668
37685
26263
24653
71646
44911
50413
84789
75178
39085
92738
60373
57674
39630
86549
936
87060
62229
84777
20803
32166
27422
2242
19020
63101
27457
21072
13144
130
70974
30273
97603
6429
79696
40056
21744
88317
65056
83136
3549
89245
19697
12097
76618
29942
12359
35948
45867
59788
6779
3616
89435
76731
95819
53294
96578
30626
91840
81771
28272
21821
15945
46500
30258
95469
79250
29062
22304
80384
71414
39189
65695
95145
33785
70822
83342
13784
91337
15041
99936
70055
95060
61812
66453
64847
93497
4203
79620
51606
85548
55126
54791
31373
38317
8446
67282
3285
22085
25796
99557
99920
94323
20463
95702
50871
65771
36749
80686
82821
10885
22247
87963
6955
37296
76581
10524
64770
15099
40743
20146
16501
542
49408
11556
46429
60548
88951
13046
22267
26224
62768
94976
94631
77133
75331
49903
63403
73493
8352
97991
56695
21874
2291
29640
76302
82644
32676
1653
95823
11343
78299
25614
24978
78108
73465
42933
87457
78277
24490
25488
6205
88843
1494
39771
95014
93864
74570
69173
87344
18523
17329
71490
60870
15864
40936
5737
90988
53825
67721
53041
33892
69388
7791
32322
82455
64044
76792
32716
56660
99197
38090
39822
697
1812
41445
75440
57370
86111
85294
60125
35331
48418
75327
27336
98847
92896
93154
28316
48296
24658
79581
817
85401
30098
97166
19023
56566
41759
89517
89915
19650
25881
22260
82270
12493
13469
44967
68794
20282
29421
15460
86340
36451
26630
41813
91037
97501
95426
2071
66773
26258
52286
67309
31083
37402
86947
42351
48426
16065
25367
97481
35793
10064
6998
35992
40960
13298
6621
87914
58533
67184
37898
36528
6623
40177
26134
66834
7143
88464
91909
19523
65623
95521
19166
61131
1778
19570
83522
31621
67744
63569
86314
13864
39152
86252
11151
53366
64379
87419
90990
11934
79392
42175
30164
32492
34164
93208
59154
1728
84793
14551
23410
70107
27200
60197
78261
89242
23276
95124
64132
57413
16498
55069
63516
84244
46042
44154
89725
32696
45404
9459
95604
22343
66567
36992
11854
76347
64891
81054
56331
73941
26264
5360
12134
17084
90428
61656
27281
14509
31607
97897
33851
15003
21254
97315
32265
22689
