184259
944729
642581
129037
242629
150979
54503
214091
548909
877403
192677
646823
770597
935587
215459
342421
112153
809407
386429
469367
95093
798697
235519
760913
644933
804073
959779
746813
324217
17099
553591
833783
553229
469691
693409
211151
166169
22229
90199
298801
501103
331553
778223
846961
527897
893489
120163
443347
695467
433471
793139
160817
643403
889519
626783
709451
266587
2447
672799
603173
922513
732467
833633
640793
694033
941747
572609
744221
675251
234431
193387
517597
971381
107747
387007
370871
374333
788189
891323
960293
120097
969559
573863
396833
103087
447263
631861
846869
250147
880247
804043
481231
751103
677561
105601
840761
895313
236323
483071
742607
43969
912251
376931
798023
354883
373297
70537
529157
309523
179969
66601
402767
839899
488119
691553
45697
513841
332951
871553
929809
233293
472687
372241
544177
844499
355139
807077
364349
632297
458897
450641
134153
906029
106453
420073
985867
747547
237959
183691
330103
484091
638893
743143
467447
777857
294053
539293
544613
87221
965087
663301
798043
70297
532537
50077
904663
365669
713177
489019
376099
33773
932567
720971
183119
6871
518803
849599
958193
272189
573757
822589
327473
446969
830579
402863
21347
441421
859567
962791
781601
507839
516679
491951
74797
256147
477461
467963
96137
431663
57077
728267
784129
78059
286469
832309
826541
132949
28789
407257
471391
284477
592877
570487
812353
243533
300431
287279
822599
405497
222329
21739
686177
15091
713599
361313
130003
843797
476243
129641
359641
360989
670903
403181
396709
461381
419443
621343
826603
720241
877003
586541
950479
500333
667309
362521
973529
45763
164267
943781
615767
156577
70139
501217
204751
649073
729511
55697
355321
372901
776099
555739
660013
220163
737921
439463
638431
868531
781021
95213
363569
784471
327581
25453
350657
67631
249563
587
770519
868327
312427
217111
298327
504871
244463
68669
198179
588437
41959
819419
839
15313
152821
65011
181211
94823
369491
82471
300931
586403
892093
807197
587527
750521
553961
495619
221173
820627
510907
977243
420103
906427
158269
378083
224633
522317
548827
5119
244367
688979
716531
572063
139999
228203
481469
301627
70309
822389
413167
510793
389903
894581
24133
483377
388051
776887
924877
432059
214559
264997
637597
261847
438521
327869
152821
564617
420221
986281
525013
7927
524869
639211
867943
552401
218549
830411
704117
751669
19697
273913
146683
103457
19583
579809
894791
113591
221077
438131
389569
525953
783781
898727
515803
838133
562621
949253
494987
237967
359147
980921
885257
24097
120097
227789
617119
225079
603607
313031
164987
718547
405817
711749
880303
278071
351427
872227
902039
327001
370451
200293
600241
837359
899473
700367
965201
469241
985741
297289
310801
148573
2339
794921
708311
867509
236549
730321
218989
241739
354313
705031
343817
434191
97499
873497
727541
427951
2351
369029
15427
115879
749011
99991
204487
905207
593473
815653
504349
769687
868277
702199
688871
33547
688679
813697
463949
646549
567389
535169
442777
368047
446041
617681
546097
445321
203531
11149
260201
59473
762371
963871
91253
98929
463319
371387
768347
94907
428759
666541
870211
410491
358597
172313
850951
683957
184333
229321
578563
720289
454387
482263
117643
461413
325081
624089
717149
654011
435343
989803
578503
711929
426193
18583
978697
372829
777979
398323
344251
684427
72823
168433
563971
831697
786803
499157
271787
169097
58337
363533
231347
427429
503453
94349
386131
807901
584719
365173
813613
195457
464803
628289
468019
172519
823591
150659
332993
46061
837931
673117
807923
767323
999953
24281
83339
988051
506593
532277
267679
914873
243473
907471
532403
644531
978821
669607
870497
226099
691589
274627
857083
751423
746951
235661
121327
211747
950737
184417
843607
679993
975343
936437
781453
28447
81017
5407
140611
24049
89671
471619
792397
360337
188911
793553
320821
864107
723857
437083
898613
861881
891643
879097
232571
127301
13411
580997
284267
914789
520853
730889
919169
761861
765043
175003
147571
373157
386159
634397
348431
410233
616843
220589
668539
653797
525013
683503
512903
51217
134699
622927
457279
395921
835841
300277
769411
66697
540751
48731
144383
812167
185677
146033
949513
734057
636469
722903
238081
71761
881477
786329
202577
66383
743377
750599
193883
505201
646631
642217
116797
457789
980851
197257
841369
371321
844709
27107
341729
360977
572633
986137
561103
217241
428557
864613
335107
669707
207671
133403
338473
128201
50387
286381
597239
515237
783613
405413
460231
443761
87179
515579
320669
510319
907843
281429
492491
276389
741229
553067
673513
419567
797021
643439
698539
405997
360989
317267
575119
306689
566701
175963
566011
697033
473167
595927
24413
987631
920833
616909
637841
273313
9907
767089
496007
823283
561809
274283
21013
241561
825763
177797
829223
131839
980957
328327
799727
309371
680123
878287
598657
518429
420307
319321
715849
646103
618311
320107
831367
333299
231293
283637
253823
9377
531827
332921
510007
225943
187633
866477
15607
772091
142369
346669
630737
962993
305131
904627
570139
793711
541447
513679
694313
214639
762893
257353
374681
625811
146033
936521
373783
610469
144887
764993
24551
996049
785569
556987
749431
250169
862501
174017
547453
315739
844201
933931
883231
406013
461581
925121
215959
750179
715679
387727
803441
306653
218923
884591
572417
830329
621353
890459
230863
885869
669649
49367
596059
181499
978269
245563
44123
6869
358153
131489
821461
363659
463247
936379
494693
610781
879341
256169
132523
142733
426563
907073
847601
905719
461233
153089
815279
414259
361909
842951
960383
52489
477769
950531
620909