652541
187973
635039
75767
486757
327581
998423
267259
14983
606383
299807
761711
186701
115987
123439
872647
535861
819061
672443
347539
994711
731183
11411
682597
469583
248701
995051
866917
81197
72889
476659
400711
736181
99497
630167
999863
58417
467897
494083
747853
67943
563149
705409
653761
64763
677767
92153
158617
47657
91997
400651
193243
148429
968971
671159
183451
464767
941617
340777
991531
134287
668713
986369
226487
77023
91453
724781
362741
157163
380591
105691
1931
273643
730033
363481
481417
466637
280507