860113
484489
723491
924997
519287
367121
398557
436841
995801
838207
423547
316109
381401
187387
295247
264083
272777
32257
459353
171529
611977
428047
7573
996763
698653
198503
912647
391283
774313
685679
827693
245759
706633
679829
358867
958673
281993
421159
664687
143357
11903
280303
364801
393577
384253
679309
168023
189187
932431
818687
671369
456367
129121
965659
388813
757481
235607
669401
295357
553093
156619
675979
53401
841079
754717
8999
833897
345647
158351
559841
476891
152599
2791
860087
747863
780853
70981
403969
204821
166151
533009
520963
421699
14431
838517
847949
241249
910957
262901
336239
865339
595003
605953
187463
773093
191449
612341
394019
501691
449807
334099
66343
304253
211727
23827
803347
615269
864121
502819
677011
33073
891799
13147
156487
69109
249217
320039
891659
156733
722611
711811
227387
114599
592621
826759
161149
747953
379177
510551
704477
230239
349379
727877
888541
988693
375091
347063
439081
890887
349553
749083
18917
642217
129499
65003
475327
682463
884669
168247
653339
385843
614113
324977
980449
244567
30367
595201
552731
417127
193751
913373
616579
95401
551339
255571
19553
566707
224797
212227
102761
260363
645137
978853
947389
755009
131711
399677
787711
33377
953399
699641
930547
743269
405901
456811
63773
57901
443237
532009
208963
224563
186419
449093
548143
593291
534019
286453
915487
77003
162053
4817
797917
758323
424913
672439
249437
98641
670037
568163
202409
765059
11351
521743
19423
217241
310987
685427
476347
309269
24611
387137
44971
780061
645893
144299
123979
830173
81421
744113
166609
267143
235513
14627
523307
92221
175003
261127
7933
608213
920921
669679
320009
834961
640663
912631
78497
636247
58309
790651
2677
557489
335519
264559
238141
13997
898613
725537
26113
196543
556967
631577
280897
794471
299603
172801
134857
530653
655987
913373
317011
289951
489389
12379
489871
341443
11933
793691
645713
503621
272039
356737
495931
570047
361211
337217
623171
353137
486637
966527
717011
111091
165103
732287
50111
48799
316339
724813
812587
652607
653507
196379
474337
441839
925163
372497
366103
511633
752803
681983
310861
550073
799301
389981
963799
52361
49697
816251
740161
633803
555277
814799
517729
283369
418331
109363
285827
232597
891991
279421
710491
411737
419711
660853
244219
711583
785597
964693
953273
520787
693607
262127
799363
574699
350803
178223
156817
52667
995341
254663
777421
755317
258847
127973
13217
34483
562459
922303
138461
708283
760511
932317
304091
19609
557779
899233
757151
47207
116447
939317
649261
536141
15091
69457
622243
797681
141497
419057
558703
947431
261959
381167
55619
488051
667769
561439
612589
645011
585653
538249
708823
446603
61231
644797
674813
362473
687931
877027
698393
821833
848017
865859
610331
3767
802339
725579
961021
32363
404773
663283
547817
266909
487187
38783
361577
546101
603431
718661
100913
306853
368857
631667
66883
281549
920609
960593
909877
801419
501139
589643
436013
215197
843067
891061
332183
335557
815257
441631
665029
737179
416401
10103
458483
293599
929581
734807
839051
32869
186653
836701
472939
6481
433859
957659
341659
147997
169583
26539
907099
729403
733277
832763
270653
671161
111103
92251
750517
356441
903151
671971
598163
555953
577919
703141
653537
466091
619897
350293
571721
248683
531169
990137
631249
835789
48799
249517
823679
382003
815231
679951
510677
753959
15083
647861
372377
8111
292471
972409
578047
836471
515887
973051
483397
43691
535879
483233
324661
978037
394169
813301
280859
337543
17341
167621
642013
502277
509689
958871
938677
925499
670297
632231
20543
582643
12589
786017
424117
634643
497017
202099
895721
484193
948067
746479
686041
921871
234917
737969
222029
580259
690103
214759
556849
427327
526423
190261
487831
375029
943079
126317
269041
827063
121621
766399
779101
561797
840181
177433
276953
642241
51169
191861
847009
458069
224909
889519
840439
667283
484373
391889
905617
419933
225257
789631
766637
163411
968963
400307
636023
748249
707831
911363
739549
640777
588073
363757
194839
332191
371251
417007
664687
472711
943741
81343
261433
434827
582139
145703
115663
541669
337627
653789
676733
396373
127643
591827
658643
374681
569957
265841
500321
837937
286421
272959
515149
811957
601943
199921
819319
950179
304757
708593
17389
295567
634091
827369
41023
309599
284657
169769
842339
366721
217027
21991
457001
366419
708269
557377
913337
475621
917239
345139
480349
56311
768241
385079
927007
854569
105341
886541
834199
748249
374701
824081
13877
468893
734807
426611
30553
670039
762031
172373
362053
105601
515773
370247
651901
351287
939167
468389
715049
810071
606031
890833
840589
640733
141707
297641
506593
279443
858577
818429
46591
20773
250123
761807
81629
366269
163477
506791
409579
481681
994817
447323
258563
95539
474779
7247
197423
432737
51749
411347
261059
853889
383623
368107
320563
61819
322513
269543
7523
994691
626207
893359
154523
736867
52937
570329
54319
192629
340957
996329
567179
505459
842419
373693
206209
181669
832361
456457
670037
463003
136027
79769
255551
678413
41659
562019
541543
828871
596917
195253
764471
154321
588361
196081
10211
601543
830719
448373
703123
545843
750943
336031
219389
999007
459089
442457
460297
279541
718169
56101
940759
214211
283403
542923
56597
506533
178247
696659
595363
156437
257473
417581
532183
287099
262901
729019
453053
95261
254927
574667
872107
580747
790087
282001
108967
468803
628301
879007
24571
917461
881057
896681
16651
247433
464773
731827
444343
453527
433193
498907
178807
500107
614917
422339
761207
933787
110879
613189
92639
607349
355009
354997
70487
967459
828169
152519
586603
538931
575203
40609
297161
50329
748877
439007
507589
302551
361469
97187
350459
249233
319849
339959
366973
777001
13003
280957
538841
189127
838711
536443
41843
872923
498689
595381
499439
677563
271723
577363
130531
322271
621139
89989
749893
813083
475091
27751
485161
130369
320317
248099
683129
975193
246097
109001
19379
268979
941861
986707
965423
8689
524707
720877
39509
147449
558017
279431
137827
503249
185309
322921
337681
241771
43237
614291
365509
415937
952811
805109
330907
300187
858239
366841
357779
24971
952279
473951
426091
457553
989777
65927
101611
675079
67129
514531
560113
605617
383371
830387
637723
468157
143443
142403
679417
742037
768139
547831
559939
359129
19681
475367
876191
274871
480043
490247
394211
250301
804581
327407
478099
15319
491951
430823
448687
7603
260111
868613
114259
807637
475679
343891
393079
576131
508867
375997
382001
853873
373213
916291
524801
264179
445261
498301
518981
508229
761377
38651
894527
555593
164447
816947
839471
358597
577739
278753
706159
639487
624271
23027
431567
671417
924527
398213
12101
560233
759799
191459
422827
43207
688223
914369
167269
613609
434827
969907
594119
314957
403717
890843
426229
678757
310867
964787
996781
128021
462067
873139
452539
239119
196751
75833
783829
248789
553057
796759
526027
442997
802787
440131
362143
622159
774589
607861
293767
33569
241537
490367
398143
62897
252667
358373
82507
96661
98897
854929
126499
709831
805241
781229
946741
214399
558863
686029
188311
288077
559703
758711
660659
436531
425387
952967
72109
533189
669049
724093
820177
699037
829757
732749
50929
724769
507029
389527
976453
80687
109639
905347
282563
105983
652357
186119
554189
947927
360779
53591
43691
557339
967607
585749
461887
835609
9587
647531
67957
318793
974401
932677
148861
86369
160981
301669
94847
753133
734957
453851
650599
192133
94207
733847
424157
525697
523877
699931
490499
615793
656389
861499
265093
923849
700937
121553
509989
895879
354163
631667
887191
446363
606673
131371
495401
35951
549229
354097
271003
476401
664271
591089
276041
854629
645611
294673
962959
313969
434249
796553
263573
334289
570041
819229
223547
950953
362863
16993
990893
827989
159491
494407
742699
147571
815471
430511
758789
582119
692707
402331
597209
281531
714911
672703
112111
995147
749747
886993
675419
723119
754711
325541
692347
106537
738107
651809
881219
790277
855683
396887
183707
400087
715063
993079
325333
909287
687359
645097
345749
868123
548827
675841
137
19001
877651
5623
402091
201961
711629
355261
867617
213553
542719
631181
711463
715313
217163
347821
575213
43591
169493
302053
154351
136379
889309
366997
35051
900019
412033
975847
165857
842987
449077
766721
116113
38729
425959
499361
86293
118927
752431
683821
256877
931067
366397
950611
864361
5807
81517
151
365129
564973
974443
468157
266059
391739
645973
31649
137771
245909
474211
9767
600371
472669
946133
820901
179957
179471
271829
864901
664549
480731
678413
415691
906817
184733
751787
561787
66853
219677
888967
768389
93169
176329
24709
468889
649079
402739
733133
825739
934079
447449
883279
947711
510989
274847
131581
154291
769091
843833
413183
925607
342647
390727
817237
607147
575243
313507
458057
810437
902179
259033
412481
675629
694081
865217
800311
304411
792797
545521
478391
543463
421453
575203
456517
186581
632117
236153
158551
303157
497993
13669
106669
119099
84181
564827
332473
523987
570029
210403
596587
480881
687457
437953
424811
269701
411637
229937
984917
565997
104681
668737
220177
532999
60103
58207
2659
540691
708803
787747
363719
470161
256561
770551
311021
394481
408389
598229
826169
300583
815033
109897
304789
761927
573437
896447
486797
910957
504527
492293
77261
829111
50891
113233
475841
922679
244897
383483
930467
85933
429127
577333
871163
103687
7177
168869
704549
863017
20641
36037
450367
628183
385027
472331
88873
287347
334721
80737
420481
543553
819037
227603
774217
838927
448531
795829
29287
924793
920411
778663
763481
585289
852581
176641
993703
530741
63863
999521
436649
257077
244759
866713
486943
535013
249583
925369
102317
966197
504671
61879
406093
923603
973057
692051
566723
151429
89069
956387
165703
546053
792553
92219
438281
906649
996187
201623
221327
963341
543227
757151
615491
496493
438203
303691
489673
506393
64187
339103
379097
571199
835217
838193
36629
441937
1109
525773
370919
82073
169129
83777
425147
232409
419317
205993
463849
434939
994271
471853
267629
321547
466723
923599
967847
964153
728941
841573
307423
666461
806929
289607
148921
775963
534431
530501
984733
542939
508661
844321
756403
596587
129443
464909
228581
498331
526067
68633
297719
574711
804179
385379
298427
55901
102587
564049
592391
623327
329899
439883
215483
445279
226783
449699
566011
17431
727997
692399
729503
226087
292223
455849
830561
557027
985597
858631
354251
371957
698903
164183
494107
939007
725371
792301
994183
909319
126923
571049
402197
504389
536621
568027
732467
44249
284743
41443
675419
958501
681833
482773
144167
392347
869173
555853
707723
86927
207491
532183
662953
918581
778979
640457
634703
643421
719671
416677
391019
593119
568391
550831
806737
282053
904601
915197
308761
584081
166841
668719
503821
908129
76597
330983
952739
417169
772019
192431
246769
357569
52561
93479
28579
378977
159839
319729
15383
825193
401813
611467
57923
801247
636997
45121
216719
274517
888683
771769
544723
563447
572599
280547
725597
77477
267391
807071
319567
980299
637489
594397
545749
125453
337873
158363
680341
754489
631453
543703
68863
557489
613231
911861
598457
767161
996211
765437
654679
491923
191533
108499
210127
952681
790351
244939
351047
672271
900607
985993
603431
297377
299777
55799
709777
357377
352043
279991
372049
283027
611657
146011
362983
274243
127207
921079
134591
280597
485207
999749
782707
674761
454151
563467
473579
63809
197033
389507
51803
323819
452807
390211
10853
749383
142031
619999
790271
229849
123503
316769
720173
730567
318287
551519
906523
674693
637787
362291
981637
183263
658153
775507
262627
875663
249499
308573
929549
958049
859373
143419
824077
816203
391283
745649
432287
546047
651803
878023
436481
539401
56171
997097
3623
255713
604697
25793
766021
363887
358703
248357
188999
814603
171757
120017
607199
905719
731567
45533
433889
399149
890053
194101
231349
928817
967937
335843
609173
436757
146807
292849
537787
92431
46307
687317
903257
616027
715171
648731
945473
511691
977591
3529
365419
195973
718691
179743
520721
622493
902263
666173
177473
286973
34543
109793
100519
167159
554639
658897
151423
812353
613363
862207
226871
57047
237271
536971
234083
23039
515701
831253
941099
700751
817087
64613
13859
389099
76463
944017
142237
315751
256471
46187
951829
85313
802783
736721
991313
490159
386587
629143
503233
576427
806503
829249
936227
890419
832679
231809
252691
351479
990179
593171
556811
670037
700639
148693
70627
285199
196247
737767
524053
669659
205883
880001
703211
667727
709153
644909
752681
89137
116279
559093
912859
202339
622351
745747
358447
423121
38561
516829
823601
171079
72167
135391
441179
869249
130841
80849
737041
281683
536621
494687
925469
733141
55889
357967
409943
723109
229561
700591
129469
464171
296249
660529
435559
988321
285749
251231
863633
915367
376931
903827
768409
227497
419513
992429
624133
125659
273527
986569
969889
378241
201203
275323
784327
319489
802147
761863
406309
160009
239509
853969
569447
403387
102161
355969
281849
53549
395303
913589
625213
605249
79943
754811
488009
599869
396953
187973
515357
917239
870151
46681
482659
367853
758987
241361
392893
703679
695117
117251
614893
669391
121843
300073
353401
479189
367603
208799
311279
963323
645503
206413
245621
225733
207997
203767
26947
521399
731531
914429
749807
684731
744649
158141
113437
662261
992903
872999
15907
979717
632501
181693
690367
610667
11383
234629
12911
950531
598783
482753
175829
68767
629897
281207
45329
278639
18289
249107
625631
36457
171827
697673
876929
772631
236641
61909
424693
800143
706141
666439
981481
747743
855203
909241
332009
596579
299471
238729
209393
2141
75979
361873
4931
659467
166571
313739
414709
906263
620161
971237
457711
600701
317321
964423
839497
299993
417719
769411
129209
564359
961397
455831
792973
68597
290033
524057
997991
409691
591127
486839
432349
223
712819
972637
677147
529933
689929
403219
823373
612317
362003
555589
278149
484763
802709
936281
450217
152539
33647
224929
201923
784573
272759
752797
7211
322871
855119
159571
485347
701227
992267
795871
9343
331781
611603
38351
244003
258623
997511
997463
53717
639589
13627
707501
945481
378149
241921
434521
8353
292081
222107
503017
648047
46957
887479
52883
775681
337039
388529
992141
922517
310081
551849
4583
126397
582931
628261
216653
676219
170887
155653
104033
227651
945479
303493
501121
302123
983149
580361
914327
426551
47051
326323
155083
535037
380753
757793
553607
942661
526283
696061
927683
63697
622889
395971
841069
627257
504103
46093
778697
418559
141257
141397
935687
146023
321077
286619
160031
776117
810259
353747
989231
821039
754027
694567
800659
798937
150473
759371
197341
271573
656263
662999
633833
571069
625111
486679
319159
466853
764719
970747
415799
341851
631597
243227
701621
10987
594469
89599
631181
975803
760951
382069
247421
95009
601187
278627
64849
495041
558893
529301
583019
743777
779827
390743
15427
154579
34337
541447
436687
579251
235607
930211
179689
291701
499883
2143
147661
556609
185467
812641
249863
520649
435763
898981
420899
474163
146381
393571
852937
431933
907163
17
498947
191561
59581
66337
117167
228859
699541
18427
933797
1913
407621
326863
198733
182057
422111
168803
22091
990331
285161
652723
715073
6373
868613
272353
744811
876913
583351
392333
294923
904727
78569
175309
4007
92753
850303
527983
700171
447019
869021
167633
719801
22817
710603
308951
748093
215687
310901
906391
735781
741677
855683
767843
891617
406093
461009
271367
426469
644909
186889
249539
877423
339373
775267
944543
304949
931537
346873
42323
884369
354791
329431
173561
902821
345701
470131
170231
113213
663547
972599
494381
369997
370949
862861
738391
545759
798199
816769
793123
926767
594241
560969
695939
67567
132619
807973
910711
260179
354997
292427
947431
173081
450169
120223
767243
565489
75619
536633
802799
76771
654877
139663
558793
862409
20297
909829
687403
903179
517589
200731
855667
491167
45307
33703
477461
369947
946877
133097
503929
617587
541447
15149
552341
321823
703883
775349
835927
300109
406517
97501
668599
504599
847937
589829
889639
193811
512321
637627
642233
27617
187651
601717
92789
187477
98443
811297
59617
971381
809087
943057
900241
346867
408703
726659
549449
482621
447443
675319
683713
177257
657539
319211
519011
278581
177511
299723
374557
210109
333023
511409
345923
19289
288427
751259
742993
838069
800897
665591
549323
91393
473117
12959
512761
509653
385493
197381
41603
295441
683087
220373
165181
610919
439349
287939
892579
105199
91781
144323
906949
687847
880727
181523
837979
381761
361237
878239
872687
584791
262349
595577
324781
403537
713117
132499
13469
69809
18131
304063
653899
195541
213319
29153
360293
61469
754373
922351
195241
713627
308761
920729
776759
216493
64849
957413
301489
52757
139393
62633
572573
742073
828547
705821
154579
312161
596489
540781
536311
426971
34129
93913
68531
162823
804761
84299
993253
767551
795727
457253
337097
81017
295049
161459
765313
709153
81163
60443
679381
939019
229963
348571
870047
548291
658607
232117
310043
383147
696373
609683
279779
201997
415013
298757
133303
60899
107099
894547
645049
274837
723391
667697
663349
298063
725201
152899
679747
231443
90469
49597
788449
761129
301997
434597
648871
700429
759329
87917
322213
584809
950867
665603
815501
295877
566413
26759
206461
188171
625831
408283
510331
938351
212557
881539
103099
805031
958213
704833
139627
329587
686671
232367
69313
103699
950161
14869
861799
133633
386851
56897
295993
715303
97829
9859
829111
906617
838757
338407
109849
946733
255517
773599
616793
896123
859037
198097
840023
721703
695371
335009
238157
808981
36713
534629
168269
874889
815279
494591
611551
921373
230137
475751
694999
649559
363977
771961
402107
742151
579571
520363
766039
774173
40933
532417
79987
529423
548791
412903
773719
438017
742541
708583
208577
156071
576757
571267
211723
560701
235273
193559
67733
930277
849311
495569
600109
642563
438443
693431
7013
76207
62753
206651
914161
684581
678047
553561
615679
466181
144541
73613
954677
211777
393161
715873
511811
221101
368957
422141
599273
946573
436097
72937
286541
226103
852673
163729
157841
428797
32371
121711
793279
666403
961637
328651
765613
877771
834367
73951
553181
39023
816919
900007
720007
422759
440753
83383
764017
423547
65777
683909
781523
568627
633407
409933
957889
984323
711793
152681
272971
966751
909113
580763
78017
626207
271429
748921
890957
230833
69899
46829
589609
868559
159161
707747
443489
351151
529673
827929
460373
391399
770551
751921
924877
155009
825553
119089
60259
33713
911219
341521
957587
433087
206191
366193
914279
13781
412537
97879
770261
598151
138889
190787
405473
409063
810643
994901
496399
270029
531547
318319
958883
120847
765857
52963
902569
804653
819659
103553
383113
766907
738173
6199
366181
13613
194239
717817
455993
938183
831431
905599
877267
733237
313783
174761
718357
852623
69259
139537
79631
321163
472111
478853
249127
799291
558307
132967
413267
204371
184187
858787
72577
872479
552659
439919
574309
144737
320699
552283
628049
202693
963397
239087
754597
34499
335113
796361
425107
837731
818359
836107
766049
675391
383527
225989
465293
523021
656587
493093
90787
839617
627481
487973
772081
730783
659873
502961
124351
735139
168541
411473
270761
6397
165857
458039
695879
265987
379123
839603
757331
382171
188939
688027
357109
67607
439639
173699
840467
724723
300221
697049
910177
8597
450913
779887
978799
179269
796447
471769
768409
863279
239779
405299
5821
12739
773609
497831
270553
547639
802583
315743
41801
401627
371227
268291
715753
888919
954181
64921
940949
995651
647219
821861
331693
844709
152203
827087
778643
639439
547093
615389
931289
315881
656599
508019
543029
150089
101021
333349
346207
251179
876749
121441
681913
569623
271619
930077
263429
454823
462529
255019
28669
649511
442181
374039
301793
379699
785293
675823
487049
534923
312527
603173
13241
342359
441587
62273
105253
853357
272249
350179
503599
926617
728647
853283
755791
367663
827347
767957
705883
582737
961879
255071
694951
936203
359041
166417
171659
223667
478099
18899
628037
131909
97171
982273
16741
616157
141209
589921
266759
113111
348431
405607
749051
741227
834961
550637
307817
123631
954971
300317
661889
423601
242161
746773
847537
113213
866431
970967
909239
28663
317797
192637
661097
134443
36073
357131
651481
859181
534049
243857
389971
443353
54679
201031
4877
154213
837293
182969
461479
825199
248621
134191
246923
282383
178567
863917
99689
5443
813541
30851
321721
101681
6151
641143
35759
322073
220841
991951
435769
749909
233071
600241
910853
277919
11807
825277
618083
23459
704593
444869
432833
39667
893317
585493
730663
610063
96461
120763
134363
720607
622729
925949
592931
379307
915367
81943
869017
124693
125269
354979
317959
754937
185161
574309
685471
221453
924401
374117
112807
358159
481211
48017
241049
430571
774463
215279
751913
853
712891
843811
415993
26513
155893
31873
216703
927149
475789
774629
366307
575009
262133
560617
832687
484067
890809
614657
72823
958381
288007
316769
993217
117991
345263
488261
325333
455659
608659
719749
951413
395537
36671
688477
646411
224699
166349
265141
29101
469031
189361
606251
777097
489409
518311
797627
243209
325163
524309
151339
748763
522191
144061
138959
38699
938591
345707
299113
834653
866161
948041
836149
281641
158371
176521
641833
904147
99787
176461
420419
514453
36599
798191
853597
85781
938017
908617
566681
217003
874063
249971
517919
565379
951829
513641
450431
599783
503339
619849
80783
278347
499739
954509
393077
216493
958007
533249
778963
838091
822551
485909
579503
247943
65657
993323
977513
782777
326597
196429
42043
258697
146161
262331
23131
496399
551321
593987
382643
198391
435947
326113
197299
572927
709531
327829
404527
306763
570697
152777
239713
29989
56659
974591
475327
159931
75211
632747
104761
52291
880541
551951
384173
813503
985667
450991
573791
905719
272183
46457
325231
821441
186437
836939
587021
55579
372859
480061
955147
491653
666649
172787
338141
358811
196991
523459
125927
6113
47639
763673
45137
984881
956083
559859
191251
809213
25841
547021
884491
508087
259967
952843
669377
642517
485993
372461
400033
395111
577351
629899
509801
409901
103091
777737
509989
631171
820279
98809
507673
967753
611791
802759
222007
951943
25919
446647
316469
92657
863867
278437
117571
168719
739171
35053
426553
342899
587053
968659
486527
480517
293941
955127
608389
603209
111949
660893
849427
323987
946391
147779
855311
330641
757487
679639
228257
332641
996211
407699
29443
586571
341959
654839
97967
347063
66797
762653
182131
815713
93893
445097
266491
215459
810587
823787
752527
195479
561347
400247
193469
585899
298399
79283
179161
133241
29231
440239
601717
46511
507301
83911
113933
957889
857569
647111
805487
312083
19609
983063
734807
221807
627791
892079
58367
424243
191441
327809
952481
70423
665447
534329
391891
190301
159541
915353
896347
955127
648671
382883
817721
864911
335729
56569
226621
237271
578029
715063
201547
645431
637723
29153
184007
57709
70459
249089
846407
648101
296201
472067
665051
359929
309131
228523
245719
847339
349849
467329
473197
680209
525599
513397
222977
418811
463339
904601
79531
338159
449741
894247
478727
649567
694781
866713
766277
613289
553897
779351
75407
849917
615709
703211
135649
893723
354251
291701
599153
159833
354373
55373
340201
834709
151213
685361
689629
262723
246611
16927
774229
694483
375673
734477
315617
693527
959719
641437
761711
147299
299513
982769
801349
930593
975199
28387
692729
785579
600403
283501
760211
578573
169241
268817
963871
392809
802799
805991
368117
159931
23767
849973
470627
141971
961487
557927
390097
720991
884077
683149
415651
794111
329387
158419
513431
151799
130957
913739
479317
718723
873247
538567
108347
952381
135211
720361
97327
997597
300163
624851
218719
131543
540851
363619
881963
399587
614659
158597
731779
784897
127249
849203
618941
251879
704807
692413
374893
804179
877543
114847
538201
69029
214133
137623
866293
205433
245897
337919
724313
75403
818371
289213
919511
195541
902483
148139
964753
849427
826151
417691
242101
353891
793301
285721
248821
433267
521309
448363
300493
138179
260207
428801
83101
170413
571759
90439
351151
878831
239147
184687
365293
607573
469631
225119
408049
286397
1999
168029
376811
453527
436687
667991
706631
805027
446533
21673
946163
204563
752291
794363
358669
621749
603791
682289
528013
766361
383321
151379
334177
812267
612809
118543
117431
567467
961087
556267
132059
172643
634313
218629
482719
452953
612727
326567
417019
861199
881057
808721
328439
248231
114547
993199
129769
383051
981707
93169
630701
288209
503777
321227
356143
125641
87041
40597
125789
652853
122557
900259
124777
568877
824899
129589
267431
18911
725603
222041
16229
905413
648779
417479
821
613097
127453
71363
782993
311711
30089
12671
306991
676129
73417
918157
407741
7583
753941
584153
246523
317197
974707
2143
470513
318917
800897
741721
998027
13249
23977
45887
420671
348433
223999
437849
813269
734429
962041
46499
489427
562673
59263
665603
176221
541927
75689
48353
114901
495557
216967
433337
87103
625871
231169
173993
766531
89891
153421
126019
201511
927709
988439
107209
34217
297391
734627
741467
720683
766939
417371
393947
259643
587749
844709
162523
334561
227869
548089
306703
55457
605309
345017
877853
855787
433141
722389
291979
611101
683461
539401
699119
771973
148403
224951
760843
542537
396379
949687
721909
749543
276047
761437
293467
367777
317711
114781
731803
50221
275503
230257
522787
994817
308929
823003
670823
235159
767161
552659
371737
82003
208799
985921
382351
799759
790819
580187
418739
181409
921457
366053
629987
385927
831139
280939
667753
771359
42071
18899
896681
730943
62897
242779
97607
660899
668417
191657
109171
663037
144967
506797
72733
327163
715109
140813
343583
884267
60623
398819
415787
874771
386731
640949
880097
44519
737729
414679
294829
367369
387173
895673
944873
62467
792871
838349
72817
224351
200929
402071
402131
254389
880021
450563
809821
887291
929417
530741
154409
372607
213799
667549
659597
476599
980393
398611
451909
539047
887923
595513
404783
862651
592639
223381
408643
81703
23173
69317
390883
718807
31667
960637
876871
610553
943073
78101
202933
345311
784603
960299
556709
149333
714619
212669
892559
49999
167017
618029
737207
351427
595093
726991
221623
914131
488249
186007
709231
221401
696743
227387
920203
710299
114203
325379
727021
462377
86143
837413
309539
55837
572993
499189
841237
906011
261847
127163
548671
974161
885713
386569
403717
27901
998009
399787
449131
663601
470443
153281
162853
540217
668939
57467
819131
501817
454967
36979
828221
570827
269231
193937
812759
174047
168943
399137
974273
904727
780041
11719
674357
662657
364073
479473
420677
14629
307129
957731
911293
852151
192191
474241
729607
827867
205357
263651
533009
655229
555251
636619
461299
249449
418603
965519
519373
696827
909371
626363
547441
55073
357293
497719
397217
540041
415469
126143
519527
523969
905299
760261
649151
171007
146417
663893
246119
425423
225299
288991
242227
732731
711209
204137
725041
579331
169919
662743
550427
175141
751027
193283
921143
468883
480707
272423
71023
547627
774901
879493
558611
63073
87629
165079
14759
510907
814501
953983
511519
597551
38149
418889
702379
540907
895253
956513
799991
457559
58727
590377
228593
939973
726679
265613
470831
533303
730867
425977
120907
53087
734717
186259
218599
704761
506593
335857
868277
165877
140449
52361
653153
118529
884287
468049
662657
117329
825527
212701
741641
46103
261587
99119
785923
878677
602603
901333
979423
264487
871439
650359
386963
306149
779663
134291
863749
585733
990361
178127
933389
477731
695059
541201
578537
688147
551347
154573
780457
842449
723169
681823
219607
230233
699187
392297
186569
234287
887617
382763
146819
46769
642199
350663
818239
154387
205211
516469
491261
853717
423121
126173
981187
507071
408913
248657
192611
72871
727673
677639
38629
296557
833717
318431
964793
358697
76123
686639
512959
733387
791251
418349
622129
202471
9473
98081
627961
226657
900737
634031
846913
613421
970793
103457
89669
173819
878221
216373
416201
611263
270271
225619
380047
966677
451937
943073
607363
905461
167771
61417
714029
723587
374009
858527
806107
12347
562307
251323
830729
265157
253063
783641
670231
440551
786077
221197
571777
774691
425653
562313
654293
259823
93503
629341
100417
176153
940297
871259
349357
939737
557519
244177
353603
876371
971093
770101
924709
153437
372539
508693
790529
188179
237791
208121
618253
117833
481721
523571
144541
479957
664661
86579
103409
223969
763559
792067
167971
355501
504353
721261
143699
349931
69557
682439
436087
426077
6379
978031
194899
810437
219451
365249
38921
566617
739859
262519
670001
318523
11927
390487
77477
166081
102559
54217
207293
673411
386731
601207
23159
584809
361763
95143
809771
864613
885839
630247
853387
511757
655561
201997
235979
556781
469993
348083
581149
121721
411707
782497
425861
586609
600293
349379
195893
631859
700907
330227
508841
251623
632939
368369
919153
791009
3581
16481
846563
792377
718303
128629
713417
838963
494699
114691
848707
688423
92419
463093
183697
558973
624517
591523
312643
770557
832129
155251
701419
303859
670001
300119
100693
517073
656221
921241
827443
348443
912391
31891
182029
161017
377779
199967
927587
743167
883121
476737
565013
204101
848611
506573
829273
158077
739751
848119
735557
556279
367673
138337
355763
785503
270961
364129
729023
376399
147551
255869
611449
784831
784117
325921
84263
488161
511457
526531
712909
249797
171263
390493
626701
563887
107747
236017
250813
13217
694781
907703
865211
230833
890111
26839
457013
604237
27799
861599
866081
535037
20707
537547
265543
253607
113843
104459
434849
18451
32323
623681
505639
875627
524519
399149
731509
709283
635249
162457
292577
354323
189011
294829
721051
763573
450193
65699
591611
87589
753847
703123
133271
578647
504323
669679
402343
235621
370387
665761
201947
882241
810893
441737
442879
422701
389057
26993
288823
181693
94033
772451
71411
577831
669301
549643
8039
65413
973529
978349
728867
160441
667123
766277
119773
231331
119131
320687
586147
679319
315613
361903
935593
936673
800231
118343
953111
351731
225683
885611
230389
214069
209449
745243
554527
603761
352181
143197
390001
663269
421103
137131
914801
559591
216023
275651
399727
63281
793253
337121
841859
161459
541141
57097
428797
283609
416503
140281
470689
220057
681113
704161
747889
791411
582793
800549
818413
721219
124433
154727
424001
690721
74279
487897
819991
743657
27779
125641
307687
362099
398149
774643
746737
105971
614753
988711
43049
497899
410701
825679
296269
489551
654107
969097
713309
347801
261301
490537
988549
806263
269723
607517
329053
9739
767101
883933
393121
563131
887659
946667
462067
382103
849883
386921
535499
258637
378253
149251
364423
728699
845431
272761
971387
556483
458483
976091
737183
10771
273181
721577
337781
131627
889261
499493
982841
432121
24133
5347
667561
427039
475103
864793
691919
312743
668869
420263
913417
840139
542891
470669
171947
356441
639181
25841
685427
634003
730553
103123
748471
961157
471259
72859
85991
43607
245087
166619
512573
88817
511289
81373
84659
722123
329471
405521
5023
926741
403829
498257
937751
758323
477523
272507
500777
41981
710221
776389
522127
707723
831329
133853
316903
538519
976039
577151
578827
773501
561359
440653
480391
528299
704281
930637
243857
608177
739021
155317
371491
94309
961529
654601
400997
626377
670853
399151
737293
510677
18679
772789
49741
150869
636619
118147
108631
614743
499663
435151
190027
106781
659327
451723
332251
119657
720283
132611
9419
742817
530237
179923
72271
429887
767857
439639
240733
776801
787793
80701
855581
956587
441953
126683
761389
742981
35507
533249
755561
176857
841859
114859
322783
71947
513649
320867
633923
693503
294479
281317
51991
188779
274583
431603
959009
113279
54541
128749
187387
516361
356351
863879
741131
793901
944887
849461
586087
994229
315059
963499
32621
13297
389743
916649
119173
971933
42719
5981
176537
282889
604031
190063
161167
18229
211073
240169
452083
337313
296027
393077
935999
744377
703121
679333
300089
572177
76771
354839
442919
381673
493693
422183
556067
204367
135449
201167
404951
480521
443407
342449
242773
54851
784919
955271
99089
121157
539047
403969
679087
53527
301813
125453
332509
412051
301267
53279
695207
64937
817093
636059
393361
564301
683591
799853
470593
946861
382427
484777
785431
734663
716249
248621
903269
544031
986533
830743
7703
921149
792983
875377
6803
147787
309131
950393
819977
304211
381287
579541
406327
212099
944963
862559
948971
759581
723857
567263
344599
403439
653659
508129
529517
879623
631187
216877
628139
975599
324847
668111
75253
394987
447019
480517
40241
519539
688697
830327
394673
707869
648887
371281
86183
15497
831371
361451
969467
902821
212161
339257
813377
309623
675839
288527
508867
519947
60773
865771
265613
810059
245719
478459
116437
778913
623633
959627
205297
160687
498101
718747
687931
212239
616153
100459
568273
687083
514747
964969
251789
376897
255919
102317
105277
298513
98179
100559
74167
932207
522707
955223
403553
24677
504157
735751
327443
874459
145459
74143
615539
896491
821411
145589
992623
160883
146543
122891
102461
331777
622997
963311
334693
44279
865339
450413
375643
533249
634651
335173
160813
817549
761249
569419
123887
759523
792299
959143
492647
283813
134039
572821
353807
547577
322139
562979
704213
38921
352111
56209
363989
451057
867409
976457
247229
751199
840023
928819
389057
793487
449131
939611
666667
319519
699953
732191
620603
805573
169129
94837
33317
443291
539713
448793
275147
245131
343327
461299
94847
661009
6353
892321
207187
979163
260269
533263
773209
440039
389743
677041
530857
924713
138113
593071
440761
375509
893117
28123
688957
13499
303049
475351
524231
933811
140867
534707
478253
401069
349379
710867
90821
514271
783599
642197
830587
11351
995987
537401
633653
853189
761477
921839
280069
665923
647161
32213
127343
219829
975277
838897
162499
307523
63743
449381
885971
241873
48571
629899
948581
47857
761443
476111
712913
667921
376949
172171
459803
424639
139787
384367
874619
537343
941609
527987
125899
854957
704933
457711
409337
531841
898097
563999
963301
856073
482569
8263
814699
758671
895313
387551
747871
824399
986287
737531
532421
578021
103997
558683
633379
810697
538519
45599
373073
386039
732877
468133
682373
23167
981569
49559
756251
409523
15359
805499
879617
982151
752359
60443
979211
306589
893023
247391
369143
611081
489689
530947
525709
265163
265021
642673
66467
870271
774577
426731
48991
846037
104287
117269
529183
210317
888983
88321
689621
214283
653879
589187
678451
166669
795493
133597
739723
58243
884417
366703
611531
194263
778213
726379
166403
204587
685717
170347
923543
56891
352523
727877
186107
106979
784649
396173
668509
344213
99149
979883
604189
877837
778187
572041
189493
342283
443999
753079
747421
465809
243343
258949
429677
859987
650317
917617
118457
896723
315251
891409
386621
541727
745133
653
546977
134857
56569
886493
216397
681979
767549
477637
424679
545473
11083
663589
294293
354073
943543
36583
513481
288931
104971
795467
10429
61121
678341
25463
678023
679639
8689
737411
407791
70529
614729
420757
442027
925501
767167
916417
650779
153949
929059
737083
938359
203353
325439
189823
526957
749323
622477
655001
750287
813301
224291
441787
405827
264827
537091
407783
460627
578047
122869
862727
439183
188999
560491
10169
767029
883409
39103
976187
603553
422549
223219
84827
135049
593903
91583
21061
370133
317963
932609
480463
717653
624067
449773
814243
408841
491489
487607
87991
741973
378149
867689
476611
947833
152717
708563
356453
962747
273253
231613
172489
703537
772147
257287
741467
956401
296041
115013
13693
318323
34297
497963
759167
232819
56081
533353
12611
927491
283403
457393
475469
367309
485587
30703
362951
907321
14221
516713
821153
312029
859423
383291
421
927803
631153
298723
675797
427067
209021
376021
295037
631259
700573
799217
357109
819307
851633
545551
628013
249703
940913
605861
567883
33073
268459
794239
380131
306167
360317
526781
703193
181721
672937
916441
416821
129313
876797
146543
685547
890371
103577
628493
156157
38561
974143
726787
485207
968659
545443
362051
102293
89273
434803
608273
778097
602111
810091
24977
119557
802651
816077
693527
358349
757319
950207
979163
775007
241543
818897
124429
784789
624797
220291
876893
86441
322001
906839
197573
583273
165551
699539
98663
636877
599759
272903
21341
233851
476579
274349
555677
141157
440269
781243
542693
18199
468121
711259
768259
467681
302597
209497
162853
647719
378137
994391
172157
97931
83561
424429
785803
215531
185177
84299
253321
83203
329143
719989
56809
997057
285871
368059
672863
94007
64067
12637
43151
981439
587143
177811
432449
596593
763349
532757
620171
876871
769007
358861
781111
729511
280451
629449
127717
565613
97871
453073
645941
489439
156467
430883
657233
265781
281339
316961
614113
798613
654889
981637
854041
777737
348671
460903
972197
390829
451547
919189
50377
135059
735689
7411
502729
537011
548861
265847
459091
930379
904847
577867
240589
609047
340577
280513
515653
888631
620029
647917
498583
813097
243433
334183
987587
669049
453949
313853
833887
109883
114259
674249
680987
475903
602603
879917
877321
20431
127727
730069
349949
646831
726139
101533
311537
52571
495923
823451
973759
904627
252013
144481
552611
331693
645611
34403
916261
384889
449243
513749
293207
105323
677167
268123
984593
545483
859
879701
372881
531823
253607
229081
815621
29387
856721
330037
62311
982147
57487
234323
583139
118543
527749
184199
706229
179089
252383
489361
607727
759599
32789
716087
393097
433859
188927
142211
352483
222023
426763
857513
370949
762779
504379
225227
166619
306029
31123
18731
158563
571223
294353
621461
697693
53507
142529
248537
124847
191299
311123
702349
2351
214517
424037
420479
241993
707429
289937
631577
514127
882067
116507
245269
418793
620639
117239
7307
849931
412099
703753
661117
256279
275129
316499
130469
539267
19069
492083
162277
702077
806291
838781
193441
6829
450019
778667
286721
677779
994579
966431
791933
951491
460063
608677
306463
862739
431107
861439
800053
91513
458009
86629
704681
804611
66529
299419
392477
452633
460231
75377
790589
959911
397519
418381
497309
97171
990547
167261
513419
72481
699463
146767
599413
401477
222311
916103
238829
814883
584809
315671
42157
374683
345139
130681
221077
686293
506119
883691
934943
235211
110933
484447
898319
62597
858259
559667
162847
850529
968641
9013
997019
4111
484061
332317
515761
841933
55049
308293
21493
301333
11119
912941
479861
691991
519427
427997
950501
732169
195761
788569
222107
28901
50383
19739
78079
231131
141397
234457
93949
592453
2333
938963
712841
51539
251033
101873
935813
523907
385289
801641
659873
22937
481879
870161
323717
125651
699169
191137
230387
385223
903223
91951
197773
663977
583697
445453
956273
147739
454483
70111
196453
466567
859667
546613
428851
381757
311821
319127
915067
368491
253423
572417
919409
379459
136951
93811
937331
942853
82487
625351
57923
786551
660047
81967
239509
572461
344417
499459
946331
835987
498937
519943
417007
930863
154933
118211
388277
251219
572177
30203
142111
443291
533089
668677
79889
912167
480061
638501
175909
284507
153089
268969
207821
308423
124987
160343
997439
658079
997897
700277
832211
541181
607909
577249
383113
529043
379963
847789
763039
11807
784913
828239
22669
218447
339907
644489
795517
610699
329863
612977
274787
320293
336227
711967
699463
951193
722333
356893
473327
864037
912413
616849
171091
692431
397303
152819
34487
663241
63841
52711
365837
397697
656267
262657
290791
738877
519433
175993
383099
276037
265571
914873
564127
5519
186569
592307
172439
261127
980047
530857
409777
716809
438523
399131
258527
450859
832109
966409
710557
696929
905461
299063
725113
314441
200867
289511
881029
966401
520721
766891
235751
787667
862703
874799
876149
77153
249311
21139
419291
69473
886241
421847
605551
281159
586919
789721
4813
64793
103723
682037
323599
211727
205661
908851
746723
556763
761603
619
614639
219829
126041
102433
569599
573179
814741
554089
747391
616313
963283
207367
958777
397289
881369
85333
125933
864211
67651
398467
858899
138059
532801
862987
762061
383777
158803
205847
586627
798481
708161
546661
969797
12739
205477
831599
997663
724643
868603
736657
768641
919757
518237
800351
29641
830801
977
19087
196379
430121
618227
193727
470551
897649
143797
608677
89527
128413
798451
956107
149393
53189
206369
460589
331693
925741
341303
974999
185221
604547
336101
886663
876013
778913
244567
366917
548791
575837
189253
749279
984127
549547
999611
121853
4493
668699
136189
424841
197699
55787
69001
315257
975797
159629
685493
824063
700877
702773
533737
935213
159473
340381
777143
509681
194003
360781
421009
560543
180337
196111
612643
508451
160403
105367
676807
665527
240433
884363
100981
419777
127423
379343
716257
587297
283601
118081
340889
518057
350989
532531
186583
440849
970561
546241
12923
274973
678211
101533
592087
534697
58991
116387
909061
826621
664561
1399
37003
106531
452629
45971
981527
178481
21401
32303
664633
804043
590923
891329
830353
108991
892433
159899
478927
836657
803393
315743
91283
611333
966913
791159
493939
53201
799471
229253
399571
252869
65371
621133
408437
37021
73883
681251
172213
813529
890821
249563
101999
482719
370441
49409
942779
88261
169243
698891
557057
361313
460633
917849
189187
909113
544937
2557
447859
815251
961453
531383
599087
421783
435343
732217
176047
458449
350029
441841
491333
698261
831073
970583
157363
55697
170213
151607
292183
61843
165673
22291
435161
763391
317159
16001
457799
30707
188927
414833
183259
915247
314401
391711
402757
534473
900649
74149
142673
921331
52709
159779
375743
137623
322939
342101
749807
470881
673019
760231
339139
23567
192229
280817
855397
60757
307283
27823
816103
113111
118973
24239
868121
657113
954367
648481
392011
353929
959159
932209
246277
180751
43783
477881
23743
864007
136603
513169
543503
177211
241603
906601
623669
53887
401507
567383
11933
162779
166603
777191
695843
44647
847321
475841
506929
227177
402341
227629
26681
935413
952087
390763
222349
941359
349369
928513
287681
46751
327443
613279
216259
422861
260629
21599
404951
225167
184279
523463
800417
13469
415153
990953
282707
89107
216263
231269
340321
71069
373181
983777
701117
258977
69029
120293
431891
666167
198593
93481
939469
592237
192923
134077
127139
841289
451933
541363
316649
263621
527701
290489
338203
491537
746353
643301
71237
310127
576119
676253
630871
966157
787331
693527
792481
177319
654349
869293
967667
613651
555307
750653
319897
622043
188833
660799
680861
876017
493793
562283
274951
933787
708937
633401
454679
5507
275167
621527
155851
246769
968501
234629
507329
570041
134683
490267
978683
300073
328381
592843
907693
157747
640421
181213
179827
807017
780037
4003
282059
741491
518779
76607
235003
559841
180371
690841
199831
681539
731041
83273
62743
377369
923347
965659
107053
740923
433723
49433
331447
702623
913573
875821
585857
808867
594137
895039
95311
4339
666013
595549
426163
108161
420997
176129
919417
696989
201329
47713
382271
265241
283093
336911
298451
841237
220357
525193
315389
67789
267781
900511
797557
178831
299513
172619
104801
439799
575359
83203
817409
571801
446503
118861
767749
193387
195053
332219
7883
516959
904441
459961
367519
491719
8713
241639
167221
94649
533389
269513
457813
47207
81551
916679
439367
635777
665039
421741
31751
529933
338909
219977
524863
947729
308333
605069
868531
667561
701711
834629
599371
46643
226337
577739
656429
909599
915487
819799
357319
315467
777031
526651
797309
363379
634901
475073
25013
381509
62827
614041
828133
650291
500237
779699
487973
485717
223367
837439
709649
992417
612067
452701
426611
607823
499459
756629
703223
879623
625543
183907
967781
431369
32497
29947
237547
503213
230291
133571
749351
723493
865957
65203
9781
480341
30427
133013
380447
423779
734273
195271
567187
674183
860701
333161
750707
164039
460609
299317
498523
127591
723103
245177
808169
773767
673391
855989
119503
113017
978389
78259
796001
705427
963283
713171
188653
427181
510073
918283
666769
41149
880883
266633
366697
645179
466919
973823
602093
399389
266689
817793
976033
136399
999083
547727
797333
972343
131321
221621
80909
116437
664253
800473
281207
952559
935591
40241
296983
216653
383347
756319
76487
45053
139987
422927
206303
659423
150431
764131
35879
905071
500057
493733
939973
820067
331843
931709
418783
685459
365441
70573
961069
916463
271211
934897
638371
973523
464687
441811
820559
232937
825259
443423
439861
275591
360271
655289
63097
258971
570743
6581
303287
774181
132851
532267
312583
307577
224617
96221
424559
972823
229961
886541
641789
532783
891101
202291
532163
570587
957169
282851
250057
718999
493733
99137
947627
810049
164209
772477
423931
6899
936659
516721
506893
914819
104917
585217
909613
61441
60913
320101
989753
231443
43913
191027
503959
476027
246097
135721
679417
524591
69203
20639
471481
61547
10891
445187
653929
929483
62929
460973
453527
732911
947203
839009
581069
9199
25183
457553
309671
350963
227371
13009
800897
263503
511289
223361
69259
950269
261323
843331
540167
66919
244889
891929
127997
227233
180361
261337
63031
263269
227111
612071
774643
689041
43331
556891
893873
148517
278743
484867
278207
162523
738623
883087
267439
133349
943603
865349
315697
557717
380729
629467
196519
888431
834829
13397
449
284357
343799
268189
847543
601807
343253
114281
62929
777143
317351
621043
601813
300779
480343
960677
90149
844733
973031
137251
219649
478897
593291
361973
268211
795217
934117
403181
12377
417811
823967
722899
570649
20173
468493
686089
853999
746957
228619
252223
619573
499397
900001
287857
819653
903443
987991
341851
179111
730603
924809
641551
814901
197621
782009
97927
151841
833747
817979
872611
135757
723181
827903
526511
499027
651509
32077
117773
337
625657
961087
441257
496583
398627
21017
260983
49031
289889
987983
51437
880751
545789
375553
593479
492293
916511
311293
284237
602453
326171
835819
193847
713147
341063
711937
917251
11027
958213
288227
567719
192637
76157
800903
506173
226697
328271
373717
802799
911303
670903
671383
923471
228751
819031
511013
192847
197453
926377
21559
577739
827821
822259
788933
982847
766237
879667
93169
572599
538159
481307
939439
312331
740603
84991
443437
482819
554419
627217
433357
263597
584099
662063
321961
981439
569623
555221
16673
601319
142907
542467
625517
189701
697897
435739
56963
319927
947603
22273
277579
714139
741833
640963
649567
68611
407807
442879
96797
992393
737327
347329
154001
250013
299683
588131
970259
163771
981287
745573
310789
112919
715789
813931
776513
150223
808603
409463
715823
475957
67153
664507
84377
731047
279941
919223
716531
30347
323371
218783
759301
131297
361219
557537
178873
58147
846529
453877
577063
465281
184733
748487
350347
978647
209089
645611
70687
92831
193541
306949
975493
549257
334133
296201
731327
225601
64013
460673
385631
7219
838249
789133
121579
104639
917407
167329
121367
774959
887669
229939
149417
255197
560471
858883
326101
393749
677561
430999
601039
632123
81973
415171
782219
421643
77527
65381
499067
383891
209659
124087
99563
753859
110063
552511
77569
539507
38699
984541
443159
952397
855277
195047
394739
777011
374557
133321
770167
497671
669271
127807
405667
276779
858989
990503
485063
863299
636241
33923
223049
386383
84443
972473
943471
736061
702853
180773
469769
732181
144497
453797
271277
438847
405659
18211
413719
784171
820763
916417
646339
42737
388691
702281
773537
778871
124471
195161
731623
177913
52069
275929
772229
852037
282683
295861
194443
672871
39581
26371
781559
836881
285709
707131
591053
980393
20593
210803
222493
457621
981961
319057
678971
55763
32297
702239
674431
226741
837673
585073
24683
471683
853547
870871
67927
106261
567793
224011
732331
415409
207877
581657
116923
12853
235513
132241
598651
768371
423931
450293
912631
838517
664211
175979
995167
121007
210557
234931
761443
646631
747497
429449
997589
722723
224239
402131
671981
201337
248461
888011
348001
118603
201337
347287
860533
444967
638581
130873
374797
187219
70393
672143
81163
579973
592967
495757
659831
122149
617039
70079
572449
604859
565771
103457
153247
177677
432569
248893
143287
366983
732653
477517
960941
166657
226283
106019
723067
475379
30829
460903
218723
206923
536461
254039
107021
685697
458053
868663
335953
803399
67271
941041
528631
847871
237053
673619
86239
189271
210157
643693
178603
243911
975089
618463
375043
174617
30313
406513
625133
97
461053
635441
475823
419473
82021
68737
594227
325081
555083
396719
10159
321611
420253
709279
189691
183089
599603
732197
538799
486323
664691
421177
530359
997769
947539
239711
522323
800897
121327
792629
19531
392383
532261
526957
709417
812921
348437
286367
591523
542687
803921
13577
90359
810839
380231
587933
926077
864307
425291
407347
121931
86719
786337
123191
687767
181193
163613
98939
106853
759973
357319
11251
32353
179161
354143
610817
356311
460337
376811
17189
684559
507029
204563
334349
927077
489479
7193
774997
776471
342467
907183
616843
114769
494381
821851
174101
935147
345659
7349
532993
526573
194771
313921
686731
864781
763111
848893
222587
998857
49919
877213
569797
276389
245033
570013
933301
431663
875447
924073
2557
862583
520433
505277
10987
970909
837943
394637
665981
794879
302801
65171
107021
305999
854747
224261
350747
847037
262741
656141
836107
347173
457319
90071
472261
85411
101051
468059
195127
979529
680809
89
736847
447463
911851
14593
353149
96749
729371
92467
964267
140111
844013
19841
973057
100927
567487
73709
998779
970657
20149
235967
767279
738401
175499
65309
359323
91939
870173
967363
451411
858307
631151
974849
477823
660227
92401
16187
224603
991483
877361
245771
378353
812167
785731
130513
476737
410239
658963
663659
774173
81671
598151
881411
244109
505283
838483
745567
73141
140741
848269
576731
216211
95267
40813
207973
518699
623299
796657
965483
659671
855221
174943
710119
760433
986507
930863
155707
366973
211789
762563
485593
988237
1033
62119
547271
298171
443123
283769
70583
933463
706427
529673
824227
639941
207443
352081
738889
858833
124823
193951
983131
203897
949001
610217
480881
269341
992393
480157
925181
5419
722213
140939
749431
237071
728537
385109
312583
200323
644977
46639
82073
155119
611557
854083
708361
555707
268757
80831
947987
102299
189349
313717
751307
601507
892609
822431
839599
974089
23671
876619
310927
286061
200657
177019
662647
737183
265757
821479
934067
485647
15959
489961
396703
921517
852139
113287
968141
49207
26981
334021
935393
848629
582011
735673
479461
589349
388301
41117
29761
40787
900157
707191
917591
287863
887573
703379
164089
739967
957751
357211
266863
881641
562909
934673
12853
81353
219001
941489
448121
674699
554377
500413
333209
901739
475301
693493
545893
794149
879581
201947
638893
169019
266153
120293
167119
533249
738797
237487
283601
826759
527599
44963
145219
222553
944029
45707
939091
634169
300889
602521
161561
182593
393007
479081
118843
990053
819373
914443
378523
780719
827809
706987
634421
972577
791411
366811
137437
399979
550607
422627
425519
525649
471703
100829
824179
166031
291253
483883
175961
575489
545747
574501
793787
825661
974387
211291
570841
618859
583147
417997
627329
676747
316699
908419
591973
971939
506347
259537
441079
211573
710557
241861
737537
501209
449807
598657
407357
573371
664693
526759
407263
463787
105883
631229
4861
54787
381757
827821
747451
283519
85549
999959
763457
843503
154493
19973
41597
350881
782501
80341
89231
482203
405641
780917
636761
773081
711713
871643
664009
766757
314851
635981
606017
661019
709273
664511
951023
41539
722213
27541
467953
123821
844421
276767
727879
424139
653707
268897
214603
927967
789389
148339
939677
194869
27961
559679
316031
641623
394363
103787
493709
33647
788213
239251
456959
289837
181777
218989
90841
296719
435191
617453
727049
292517
496399
953543
706201
75883
165287
190837
691759
271393
384301
101051
217319
927541
544613
655331
735617
150373
451753
320449
850261
801107
29173
25073
217057
546937
416947
227519
599741
500239
349079
759287
439427
966401
125231
475333
575941
551981
388403
782389
197759
386303
213947
465167
924109
8293
735239
527819
697049
470227
79757
147107
900659
158227
552887
352049
938293
995237
83689
8573
813269
848119
61043
703459
400703
739303
113731
550789
217411
691309
230327
317609
981653
7507
986813
815159
857579
381221
669661
468913
684829
911171
389819
15091
694901
698297
779249
111347
202823
888287
671029
348253
996859
310333
278437
754223
606241
783337
319237
980249
728017
426931
350963
181729
152623
403289
666671
245909
354779
356501
185327
307823
344291
282313
832613
146609
884243
973597
11251
220301
460051
204329
471301
16487
733241
12487
968299
77153
57991
321889
408229
269891
468109
572609
730111
633473
147391
931087
36973
884591
271231
505961
624451
571223
170111
339811
828209
456877
905297
751277
586111
185089
490201
497587
153817
103393
528947
97729
196277
505321
114221
849383
525167
272183
465781
981599
206749
825191
800053
119237
745477
445969
994087
59779
791321
570529
733591
8597
706913
392389
404273
857459
652429
892123
475691
600959
208931
180077
400927
27827
834013
676007
148873
792593
583543
303049
794531
376687
329167
392593
88747
841931
199483
392827
85037
196177
301331
6733
349331
87517
93253
718379
226643
536353
864037
920323
135649
565549
58727
501187
456457
159473
691979
137341
146683
529381
416249
662819
763423
815029
644107
94009
107243
253243
268921
454823
3581
553139
653431
784229
22153
65563
50599
72907
69403
46187
595961
39877
785597
581527
202981
705043
985109
165541
155377
660073
846733
22277
69127
145501
437287
864223
696053
922679
777251
454931
383609
156319
779767
889373
252979
190807
278063
360907
966157
325783
223543
160049
633943
562439
525731
610339
310577
298817
366103
527441
929561
468151
749993
167009
836149
738743
613297
240707
644951
617369
364129
180281
455881
706337
958319
226943
715189
715123
235877
373621
320431
445271
651109
757409
351773
922487
37813
299447
395737
333101
51577
635731
268043
880519
566659
639677
422311
280927
121993
179819
207973
356171
452329
691721
715193
627101
974849
483577
238967
833719
555361
149417
565571
3989
96233
437473
265547
384437
991127
964531
204371
181639
662309
743177
431021
763957
885107
248657
747979
769243
812281
307843
258403
136379
572027
747283
362867
123077
827347
758573
94463
110711
379
950879
20287
160367
171733
607199
127739
663823
733067
810409
644549
112459
779761
434827
632153
647837
429853
802951
500807
491531
879953
913933
50291
268613
490967
344567
358879
12757
415759
752681
312427
291983
938059
919901
228961
924731
409993
969497
350593
377393
241931
420073
334171
466567
329663
165701
593293
818327
936557
231241
661417
179287
504157
826667
413353
283397
447757
60217
224267
409867
728843
511153
141619
843457
348709
102701
647111
840911
976309
918079
769019
412603
281653
833479
358571
607471
467531
162343
835823
969407
800419
371447
781087
280607
400187
173177
155219
763901
677737
300317
438143
478483
359641
707383
327983
226463
198943
551069
798199
758243
509297
829819
256931
216617
768133
796339
639311
892103
441247
962041
437387
93169
404381
952547
203419
14771
16301
642457
864007
280223
793979
828431
631927
571541
461101
246913
941309
983783
771359
649567
906707
76819
687461
961619
842887
105263
13499
593869
500909
593627
744511
539401
814699
36979
749557
527909
658969
493139
352883
440207
444007
486139
70607
427417
607093
663869
596279
597307