14983
761711
347539
92153
991531
327581
995051
653761
64763
677767
668713
466637
187973
400711
47657
994711
630167
91453
1931
248701
267259
819061
731183
747853
968971
226487
157163
299807
186701
872647
81197
476659
941617
986369
724781
99497
158617
363481
672443
340777
380591
105691
535861
67943
563149
705409
148429
730033
635039
866917
671159
183451
273643
280507
606383
469583
72889
736181
400651
481417
115987
682597
999863
91997
193243
134287
77023
652541
75767
123439
11411
362741
467897
998423
58417
494083
464767
486757
