865211
655001
268459
703459
160009
486943
424001
432121
840589
853889
10211
175961
384301
602521
80687
136379
99563
441079
94009
144541
97967
214069
671383
663283
48991
491531
753133
938017
364129
612643
793787
474211
570827
530947
617453
779249
642673
439367
227233
254389
440551
162499
740923
847871
348437
494407
946163
982769
181409
513419
525649
220301
97501
520363
682289
402343
344599
749279
292517
925163
864361
454823
86579
16481
444343
131371
304211
541363
5981
593479
107021
688223
627961
739751
179111
350459
642563
349849
50221
513749
299683
884369
553561
245771
134591
39667
523571
611977
15319
35051
165181
745133
925501
467953
774217
701117
261337
44971
189701
344567
660853
758789
216703
696827
677779
565771
828547
394987
298171
177019
109363
543227
205883
105367
393121
172171
943079
225989
801641
192847
972473
118543
200929
288823
478099
75979
460973
409901
289837
402739
632117
552283
863279
38699
125899
767167
754223
286619
659597
425423
919153
824081
621043
159161
185161
971093
408841
942779
498907
598457
398611
770167
143443
207491
836939
10771
130469
253243
747863
385843
667769
127453
630871
115663
61819
19681
337039
312743
12923
191027
267391
14629
53527
687461
190261
399587
118081
440849
649079
993703
972409
975847
888983
84827
409867
943057
100417
97871
207443
272777
749807
533263
342283
2557
677561
823787
625871
183697
888631
694901
527441
144737
103457
974143
794531
749083
110879
412051
570743
635441
509297
219677
722389
854957
528631
530741
72823
470443
265571
554089
943741
282053
28387
367519
394637
840439
924997
319897
887191
913589
61469
338909
425387
363887
229561
31667
255919
389527
533089
613363
8597
729607
399727
401477
158551
909319
84263
492083
559667
477517
509801
267439
814901
51437
358867
441937
513431
681823
41149
485161
648731
191251
302123
762653
480341
820763
831253
129469
604237
403829
827087
11119
823967
330983
812587
400247
12671
38629
194899
524591
176641
944543
859181
168029
862651
13693
680987
829111
467329
234083
255517
157747
988237
727879
252979
8999
4931
211291
193283
402107
642197
818897
476579
101999
452329
868123
872687
249971
878677
374009
830587
900511
787711
526423
533249
579503
864223
934079
884077
361903
757487
148403
774577
400703
238141
50111
54319
24709
704807
37021
72907
628301
506393
545789
460337
72167
551951
551849
270029
653153
976039
396373
709153
957731
552611
458009
214399
973057
997511
872479
348433
779663
713309
329663
337873
694567
159541
146543
843457
722611
313783
255019
87103
329053
129313
586627
724813
159473
433357
487049
303049
249703
127807
436531
622351
627481
549643
169243
53887
667549
53279
800659
766361
414833
776513
386921
938963
390883
990953
506173
962959
420419
89
833897
146023
922351
565379
791411
428047
572599
411473
604031
247229
13397
895721
639589
294479
790589
25073
371251
890809
29443
786551
126041
453877
13147
720173
432287
457559
952559
638371
631453
16229
544031
959143
716809
84299
436087
256561
113213
524231
416249
797917
628493
220291
384253
531169
815033
494107
568391
735751
335953
980449
433859
583351
715109
180371
342467
497993
579251
12959
741227
70687
727049
92251
557927
6733
502961
135211
218719
698261
669679
510989
242161
283601
682037
366841
633833
402341
350593
595201
337543
38729
863299
441631
146011
268979
105971
981287
249217
996781
612317
967781
616157
855581
838207
612809
863879
593293
625111
938591
849917
81703
892559
21341
667123
366811
910957
825199
880001
652853
538931
86927
142237
508087
113843
562979
264827
673019
321889
515773
468389
518311
616849
800351
232937
373717
877651
271619
153421
27541
474337
248357
259967
166081
958777
66853
162823
773501
732217
538201
482719
710299
626207
196247
420263
819307
315389
557377
46681
506119
573371
792593
617039
243911
490201
127163
915247
658153
984323
221453
75689
377369
156319
230239
59581
766757
633943
571721
472111
984881
441953
11351
699037
479189
781559
198943
647531
118927
475789
927541
334721
946667
583697
761603
841289
806929
164183
364073
38149
236017
908419
411347
135391
876619
176329
307687
864037
147449
125269
482753
933797
87629
703121
668677
301669
473579
941099
878831
526781
357319
178603
766939
642241
323987
957169
972637
404783
141397
408643
273181
587297
863749
169769
917849
417811
306991
407741
448121
601717
198097
600241
217411
967459
552341
255551
191459
665447
500777
533737
583147
657233
923347
492293
479957
348443
963301
188833
610339
645137
301489
121157
320293
730603
536311
135449
895313
134683
420899
891329
5807
992141
773599
417691
1999
585857
80909
334133
262901
784831
285871
587143
81353
348253
669401
350803
249233
62753
481307
393749
525167
546047
470513
539267
260629
638581
407357
101611
805241
64793
803393
505961
26539
532183
575009
530501
650359
732331
92789
661097
706229
31751
420253
126499
700591
98663
142673
169129
58727
70573
195161
515701
435161
410239
444007
994691
293467
23827
177511
383321
572993
643693
541927
823451
371737
382351
953111
831073
438847
76819
423779
914819
458053
848629
782389
101681
734477
568877
383777
972599
519011
79283
337919
772477
206923
957751
359129
870173
503233
560969
72859
32497
638893
647837
622493
401627
176047
610331
190787
424559
310333
18911
947711
952739
929549
55579
645973
771769
534923
621133
45053
640777
140741
396703
596587
374557
874459
353149
725603
123503
669659
238829
146381
366307
783641
489673
744649
18199
925741
314851
16741
30089
65371
8689
36671
583139
58309
205211
40241
449773
736867
687457
667561
204587
495923
982847
352883
293599
664561
877837
63031
723391
953983
361313
578047
946133
890419
800053
415759
301267
837943
374701
386303
837937
68633
578537
952681
326113
849427
681113
115013
371447
434521
76123
380729
167329
973597
841069
71947
862987
363719
378137
379963
824077
849203
848611
81373
105323
606251
458483
900019
927149
508693
93811
847321
680861
562909
760261
921331
392593
138461
452633
658643
556267
50291
605309
201947
498101
537091
383891
595363
641143
311537
966409
865349
706913
675841
365837
27823
514531
976033
822259
912647
72733
556781
480157
488161
362051
336227
231269
65381
307843
299603
40597
578827
528299
695939
679829
996211
947833
685493
591827
325541
242101
744377
784649
570529
484373
896681
812353
688477
223049
218723
496399
450413
468121
128413
227371
636997
415799
849931
675979
656389
888919
884287
317963
347173
221077
448687
961157
586919
427181
378353
921871
906817
382643
763573
546977
358879
144323
337313
302597
67651
312427
653537
628049
151799
405667
121931
533189
271003
105341
466181
286061
470551
326863
486527
43607
399571
84991
785731
524057
646631
219001
735239
61043
150089
288991
112919
636023
663241
423121
118973
525731
813097
153089
600371
566413
587749
868531
990503
248893
664009
723491
768641
197573
905071
633473
589609
737411
734273
226741
806263
289889
16187
475301
53401
136027
447443
179923
785431
366983
819373
403289
281993
778643
720683
268123
951829
796447
307817
124847
96221
674761
883121
424679
995237
165701
479473
825191
611531
321961
80341
561787
866713
476737
24677
288931
207821
306853
936673
149393
539507
709231
499189
219829
258527
375043
55457
577831
853999
602453
198391
571777
94007
839599
905297
584791
919511
353807
978683
7933
56171
230833
808603
7507
366997
334177
620639
468803
257077
51803
441179
879581
184187
876749
93503
193441
227629
81551
227387
939167
722899
241249
502819
605617
662953
176537
964969
660227
969497
555953
81343
346867
582737
165079
948971
588131
485593
363757
381287
644489
837673
158077
926741
12853
675319
819799
757319
409463
248683
586571
50377
249563
919417
826759
402331
728941
435343
426091
319489
645049
785293
217003
598783
815713
598657
735617
137341
269543
13469
156467
225227
727877
310867
406093
907703
571801
934117
395971
811297
133571
641789
152899
294353
947927
531547
911851
888287
806737
704833
735139
739859
98179
876797
677147
185467
408703
263651
10429
640663
814501
833887
814741
763423
792983
629467
836881
245131
984593
641551
174101
349379
834961
67567
616153
300187
293941
887659
879623
478897
730783
630247
742817
767029
912631
227497
890957
546241
903443
778871
824179
128021
447019
285721
392297
389057
402071
265543
546613
618227
159629
166603
67271
821861
262331
613421
856721
360779
144497
968299
7523
562019
770261
503339
326101
810409
60899
260207
878221
375643
604547
178481
148693
308951
499739
435191
555361
317011
191861
167159
827929
230387
773767
828431
691759
715123
284657
278149
660893
149251
699953
747283
648871
366973
206191
118211
538841
36629
271429
589921
127997
613231
766277
595577
518779
838711
718691
90469
348431
821441
892103
264083
991313
279941
636241
295357
506533
295993
879617
53507
418381
75883
111347
829273
746737
513649
275147
423931
456877
915367
930277
449
601943
108499
310901
909829
21493
181729
395737
374893
642013
322073
887923
819977
9587
733237
831329
571541
274847
526067
743777
393571
819653
421643
129121
618083
272423
246913
320039
337681
184733
963341
274243
166669
7883
303287
72817
766237
239711
468889
139663
781523
866161
441737
435151
443999
545747
593171
51577
198503
607147
27799
106781
810049
252223
224603
911171
489427
254927
752797
553093
765613
18899
939737
332509
364801
813503
738107
958381
501691
556279
190027
738877
289951
406327
867689
997019
892609
283369
311021
499027
580187
653431
435559
167017
114203
358349
350029
711713
362143
370387
693503
217027
248789
755791
153281
425653
490537
319237
868559
746773
35759
784603
443423
173561
420677
280817
452629
808867
219977
821479
85549
373621
694951
156157
937331
624451
186419
287099
676733
52937
623327
29231
928819
397697
441257
666439
173819
188179
753847
216263
848017
577333
55799
930211
335729
253321
515653
939469
967847
46187
876913
371227
379343
718999
90149
780719
248821
651509
976309
780041
601207
186107
665527
282313
483577
947389
345311
950393
187219
321721
92221
30553
827443
520721
351151
749051
591611
817549
385223
452701
815159
995147
760951
748471
437387
942661
720007
139537
640949
386963
661117
272353
109849
913739
552511
755009
933811
855683
687359
956387
227651
859
476891
880519
827989
212669
200867
1109
460297
683713
663823
32371
266153
156487
497017
275323
228593
344291
62897
399151
530237
211789
228859
554527
745567
749993
592621
448373
922517
582931
382171
849883
248537
92401
279443
675419
862727
835819
735673
553139
888967
417169
131543
935213
601039
42719
241639
140939
838927
747743
978799
749909
418349
334693
606241
75407
358597
607199
537343
262657
216259
820067
199921
415787
426971
396379
282683
515887
660047
42043
628139
747497
96661
553181
776389
167221
440207
68531
433267
10169
51169
905617
1913
663659
600701
156437
503821
610063
813083
433889
574501
288427
796361
56659
119557
255571
687847
560701
90439
774589
296249
15907
282383
51991
973823
530359
598229
658897
549449
36713
925181
307423
150473
857459
85037
880727
909239
235211
577919
97187
119657
154291
390743
405607
256279
318323
887573
72109
7211
792871
11903
346207
513169
122149
730111
304253
232117
450991
956401
791933
249311
774997
601507
489409
659327
821411
493733
653929
167621
35053
301813
611603
149333
511757
276037
244219
92753
655561
938677
705883
567263
813377
647861
677563
436649
508019
702077
731041
10891
202981
341443
511519
99137
81973
508867
906649
18679
160813
648481
954971
182131
681251
870871
56597
729503
510331
767549
7411
484867
731047
16487
318319
380047
110933
388691
356453
135757
853547
22277
245759
538249
10159
488009
861799
772789
967753
30347
75833
11383
7583
738889
575489
245719
354073
703537
858899
20173
45533
99149
526511
12487
261433
654679
493093
14771
144167
143419
806503
580361
532993
162053
930593
187387
763481
33703
809821
164209
891659
759581
599371
148139
155251
286367
958049
9343
310127
424139
92657
275591
385631
547577
76607
893723
854629
723109
91583
412537
193937
7219
90359
784117
732181
546937
285749
154933
437953
970747
192637
532421
354097
642517
831371
95311
135721
170413
807071
285161
489689
381221
649261
563467
146807
392347
227869
366721
46829
946391
761377
207997
838091
226283
885107
332183
4877
196429
843833
700907
570587
284357
872611
660073
958501
605249
856073
216211
713117
974591
631259
886241
540167
645893
201031
434827
886541
58207
939007
742073
325163
880021
930379
503621
957659
991951
905299
512573
206303
704477
581069
782219
169019
480349
342449
71069
709279
57047
129209
286721
985109
869293
170887
855787
737729
376897
620171
748249
918157
611263
677041
567383
505283
979529
965423
34337
971381
345139
64921
622997
398627
855119
218599
668699
49409
11251
520433
706201
63773
744811
802799
65657
802759
158351
749351
393577
341063
30313
49919
752291
470593
331447
522323
947431
160031
632153
853873
57467
879667
672871
999959
188311
566011
12911
517589
813541
118457
524863
303157
386587
679087
181693
927683
117167
5443
799991
429887
170347
196111
436687
761249
835987
401507
753859
67927
226337
656141
819031
193541
986507
742699
243433
571223
146609
127973
575243
836149
98081
394481
848707
107747
282707
827369
196081
266059
139787
570029
567187
952397
447449
64187
992903
642233
598151
365293
269041
457001
546053
936281
177433
85933
988439
547627
688957
526027
752359
475367
706337
441247
249863
630701
54851
676253
144299
311821
991127
802709
94649
665039
552887
585289
569797
974849
619897
604697
906391
631187
668509
10853
155893
448363
182029
467681
298427
428851
94463
109639
472067
299513
970793
35507
391889
761207
769411
83273
361973
210803
737537
994817
120847
90071
794149
557779
829249
746353
635777
914369
89599
399677
97171
81943
418889
597307
810071
584081
993253
715753
853283
849383
812759
340381
313921
637723
463093
229081
263621
295247
839051
268969
953543
671417
390211
46511
771973
642199
39103
731827
311293
813931
776471
750943
231169
777191
180773
98641
997991
855667
703193
970259
26981
559093
455993
222349
998779
739967
463787
168869
628261
948041
626363
661417
168541
117571
575359
197759
152203
334561
240433
440753
377779
193727
216617
490159
117991
812267
91951
644107
360293
489551
22291
547271
534049
372881
674431
526573
269341
917591
152717
519943
504389
143197
569419
970583
121579
298513
460589
890821
459961
44519
117269
455881
593869
213553
59617
357293
487831
770551
641437
700277
209089
16001
527909
406517
529043
222493
208963
370247
32789
299113
746479
24133
808169
67153
353137
730943
261587
776801
137827
363619
925499
810259
827347
172787
595093
830729
397303
767749
906839
625133
877361
291253
691309
651109
315743
351427
230389
665981
201923
188171
921241
935999
322939
489479
317609
65563
214759
274871
351047
726679
449381
604189
392827
941309
463003
322139
178223
419057
498689
675391
951943
847339
146417
245909
843811
360271
738743
461887
15383
707869
209021
838781
172439
501139
723119
77527
421177
172801
819659
32869
87917
422759
158419
97607
84659
24239
973523
700751
691991
174943
968641
763457
645713
932317
430511
490247
891991
631667
911363
102317
715303
451723
359323
530857
939677
158371
556849
535013
78569
12347
349949
984733
539047
779827
682439
914801
525709
779699
916463
858577
858631
283501
592237
315617
46499
210157
329167
376931
988711
608177
184199
723103
780061
41659
562307
109001
650599
679381
884491
708563
526651
192629
219389
223361
285709
468059
565013
325439
399137
97927
565549
618029
545483
912391
392011
858833
403439
36457
473117
533303
565489
220057
572417
279431
163729
317711
543463
775349
14627
533353
643301
470227
165877
185177
143797
613189
631859
356171
286973
951023
148339
706631
232367
706159
253063
767551
174047
689621
975797
47639
893359
606673
865957
579541
102433
811957
700937
584809
94033
921839
762563
189349
391283
16651
309131
551347
763391
857569
140449
523463
255197
95539
370919
783599
855397
995167
41023
767243
924713
907321
91283
893873
769019
545749
759329
804653
439183
587933
403219
223667
2333
24611
285827
15427
590377
667921
397519
669271
858989
80737
611467
874889
498583
156619
31649
871439
817093
336101
325333
272759
835927
13009
936557
278639
853
507071
478459
460373
565613
493793
848893
8111
708269
501817
961529
971933
865771
53201
21017
600959
487187
652357
408389
289213
981527
777251
40933
265987
917617
199831
217319
490367
532801
449807
725537
50891
637489
172157
53189
792797
226697
291979
761443
599603
52291
88321
921517
670297
383623
818371
178873
655987
734807
155009
124351
165103
244939
887479
718723
923543
357211
820901
176857
558683
306589
784229
131581
760211
178127
458449
903257
774313
692707
993217
761389
498523
625657
168269
595513
33317
345659
703883
428801
399787
540041
891929
783829
615793
814799
438143
159833
847037
927967
134191
226657
657113
715073
281159
746723
773081
121553
104917
947203
257473
457253
610217
976187
301333
695843
756319
658969
952811
264179
385927
939973
703223
584099
529301
103699
364423
421847
292471
147779
75253
928513
275929
308423
465281
443237
863633
665591
265021
992393
766637
260111
835217
422183
81671
722213
221101
23767
163613
362983
100459
61547
394739
167009
778663
699541
338203
787331
103099
737207
358861
699931
767843
452953
86143
648887
724769
625831
121441
538567
55837
548671
747889
81421
179471
4111
862703
547817
719671
120223
133633
576757
449243
134363
632939
46643
195893
112459
358703
410701
375509
39581
207973
850261
718357
497719
120907
251789
235751
544613
274787
33073
167633
119773
704933
799217
178831
941041
924527
933301
304411
25463
123979
633803
967607
116113
30367
805573
427997
163477
299993
186437
825527
390493
218447
69203
732287
628183
951193
820559
46639
90841
715873
852623
603791
986533
747953
509689
596489
67733
458039
349931
136603
635981
999749
172489
159779
60757
666013
17431
748093
433337
659423
956083
737293
482203
913933
599273
546661
534019
38351
201547
21559
185309
998857
503929
870047
983063
512959
857513
968141
137131
319127
577249
989753
834013
46957
951491
491537
400307
735781
801419
523877
614753
941609
826667
876017
731803
89107
901333
938359
27961
751787
807973
62467
415469
522707
116507
491333
366103
995341
476111
20639
187973
2143
280607
461101
468493
452539
521399
794239
477881
33923
96749
237071
383147
228523
417019
418783
978647
107209
163771
385109
594241
13241
485587
453073
477823
733241
606031
464909
678341
312029
506791
730867
349357
188779
238967
111091
726991
114859
7193
779101
70487
382001
35951
825553
724723
639181
32621
953399
36037
92431
357109
611101
229939
200657
196177
741467
146819
251323
703123
16301
52667
208577
785923
299063
179827
634421
388813
633407
12637
309671
350963
555853
869249
76771
685361
881963
683461
392477
796001
286421
297161
256877
825193
547639
929059
804043
465167
255713
869017
64067
108161
506593
547831
815501
471683
652607
667753
118343
269723
881369
347329
581149
591523
195241
47207
319567
615679
529517
32213
216397
801107
195253
55889
591127
725201
35879
224563
569447
137623
671161
714029
565571
829757
565997
877267
949687
197773
443437
141707
22091
995651
45599
34297
451411
491923
152681
34499
41801
468913
98809
955271
202291
456367
616793
352111
47857
20149
663547
631927
545843
20297
19973
577363
7177
310081
450563
781111
972197
41597
557339
504103
637627
691919
181721
732197
166657
356441
205357
525193
421741
154001
393007
520787
249107
798613
228961
473327
658963
659831
927007
714911
394363
36973
804611
325231
379177
961397
405473
105277
900649
916511
615389
334099
784327
816769
317197
530653
453851
80783
614729
935591
881641
215483
468049
963499
419473
803347
781243
23567
596917
294673
958007
914131
446503
983149
777097
192611
536461
129443
76597
216719
862409
475903
798451
436841
819319
838349
753079
975089
758323
297641
248657
505321
379
402091
312527
838249
130873
427327
715049
60259
70583
194869
213319
123821
354779
171733
707831
902821
549323
666403
765857
596593
498937
970909
41603
266759
211573
434597
119173
688697
930637
265613
770557
93169
225733
30851
214133
383291
481879
489871
382763
240169
254663
946733
528013
296027
23743
823601
687403
309539
337121
202409
404773
952843
770101
830327
227177
388403
663893
7307
335519
158141
234323
284507
605069
604859
854083
215197
571199
907163
154409
145459
47713
892079
386383
202339
737041
206461
607349
683087
43913
769091
25919
724643
29173
669377
229961
570841
21673
656221
514747
340577
202823
146683
777421
20707
22937
312161
154387
26839
197453
786337
345647
964787
645097
939019
139987
746957
840467
281339
8713
929417
171263
11027
819037
108347
665923
965483
352081
825277
418603
424429
109897
271367
711793
798191
141971
756251
191299
929483
33713
178567
418793
763957
774463
268817
825661
543703
52757
81017
18731
334349
815231
917461
491951
102587
408283
34483
591089
137
114221
446603
589643
304757
356893
876191
151429
847937
791009
417719
294923
433087
649151
77003
990893
216493
67607
780457
720361
495757
267629
354251
608659
914873
165287
701621
291701
695371
186569
670231
46591
226621
607727
610699
919757
476027
45137
66797
819131
926077
486679
798481
884669
963799
51539
668939
385079
94847
850303
167771
569599
938059
409933
622159
239713
876371
332219
1033
929581
940949
54541
832211
947603
473951
632747
787667
707383
241921
97879
840139
784919
324847
531383
298817
608213
806107
709273
14431
206209
331777
121853
339373
440239
116387
920323
244897
244003
743167
722723
334171
711583
790087
902263
42323
543029
245897
668417
732731
792553
442181
818413
382427
529183
962747
399131
65309
6199
979211
147739
555707
426931
369997
742151
774173
622729
18451
359641
358373
232819
127727
686089
179743
905413
848119
711937
960637
379459
789133
372461
607573
460051
258971
981707
356351
793901
904847
254039
780917
325783
383371
438523
999611
986569
339959
271723
365509
206413
881539
233071
430121
649559
462529
218629
983131
316109
810643
176153
750287
96797
246097
562283
194771
236641
237791
101533
870161
751307
89231
768133
985921
974161
172213
669661
419513
435769
537401
611333
490267
350881
409993
781087
280547
324781
445097
978349
934943
166031
815029
413719
459353
356737
373213
775507
38561
636761
127739
70981
159491
196519
919223
581657
803399
835789
540781
273253
6151
78101
451547
265847
159571
206651
668111
603553
912941
551981
423547
367777
938293
224909
996329
138959
390487
434803
347287
751259
46457
650779
66529
715189
438017
348671
333161
422339
696929
464687
319729
363977
567883
751277
478483
351731
117251
961087
988549
592453
43207
220177
669301
497309
205661
93479
49597
877543
124471
189187
825739
439919
785579
680809
316031
133853
592087
947627
594397
75211
987983
842887
841573
974273
614639
548143
379097
251231
547021
339257
326171
684559
958673
283027
741677
485647
119237
405299
87041
297391
593903
904441
723067
392389
224239
853597
492647
460633
666769
815279
45971
566659
964753
320687
704213
876149
304949
26759
863917
793301
23173
460231
82487
250301
427039
222023
366419
148861
189361
614743
38651
684581
384889
534473
407263
103553
924793
495569
759523
420757
731327
102761
295567
181523
766891
471853
191561
61417
593071
287863
147571
795727
877321
559841
847009
380753
105253
251033
696659
587021
826151
134291
526957
110063
307823
179287
559859
839009
311279
964531
642457
613609
79943
73417
198733
950953
300583
505639
94837
974443
303493
482621
997597
126143
270761
262133
470881
383609
593291
368107
610919
629899
728867
715063
977591
58243
393097
130531
733847
836657
793691
276041
756403
222029
795829
189011
352181
288527
892433
86719
114847
540907
306167
862739
247433
828169
615491
611657
520649
191441
162457
478927
60103
673411
442027
826621
72937
558307
993199
702349
795871
730069
558973
216877
383099
451933
854929
477731
841859
201167
376687
677737
679951
249127
113111
927709
191657
846563
532261
482659
718747
950207
63863
140813
269231
833717
134857
572927
113933
418811
421
613279
468133
158563
879953
724093
476401
3581
572027
499663
73883
958319
873139
709777
831599
601187
11807
215459
457393
317321
810587
810697
734957
503017
216653
844709
69127
57097
160883
940913
981439
966913
396173
95261
175993
52963
813269
807017
816251
541543
63281
74167
60217
18427
658079
19087
56311
416677
9419
575941
636247
568027
341851
586609
362099
629449
584153
823679
515357
121711
308293
189691
596579
345017
119131
931087
465781
249539
425107
196991
131627
519427
84377
141619
214211
974089
499883
739723
491719
884591
367853
39023
394211
166403
13577
334289
900241
700429
719749
962041
890843
933389
5519
10987
348571
114691
442919
362951
779887
419317
20431
214603
186653
61909
898981
45887
495557
204367
994391
623299
401813
168943
556967
559703
71237
120763
717653
763111
841931
322213
582793
445453
973051
228581
65171
332251
347063
979423
250813
98939
754711
126173
677639
833747
555221
123077
500237
17341
261059
320317
265141
741641
315251
737083
662063
802147
723169
393361
573179
268613
529423
381673
843331
268921
671369
161459
683591
250057
631171
941359
441587
9739
231131
566707
469031
734663
102701
32257
265157
774643
867409
34487
121327
556609
766907
997057
668869
950501
501187
156817
923599
906523
278581
645431
819991
722333
815471
524801
852673
935147
124823
579571
127139
803921
958871
482819
925369
284743
778697
558893
471769
612589
345263
763673
859423
767161
968963
557519
497587
491167
871259
361219
182593
743177
774229
147299
282059
451753
763901
449093
561439
250123
541447
614917
428797
986287
884267
475823
350179
124429
631229
752803
864911
982147
211723
472261
472331
205477
421009
197621
70607
156733
265163
344417
483883
456457
499361
847537
612067
618859
704761
188653
19553
106261
652429
378977
653339
768409
600109
144061
468883
121621
837413
224699
258697
911303
787747
245087
653899
443407
335173
516713
920203
444967
409579
555593
18289
469631
162277
966401
314401
507329
525773
358811
209497
550831
304063
117329
716249
380131
39509
727997
592639
103997
27827
416947
280859
614659
846913
78497
931537
404527
476611
598651
934067
816203
761863
731779
122869
245033
440131
61879
335009
847789
599087
66337
23131
394673
274349
550789
204329
300109
564301
60773
300317
196543
133097
295441
220373
547727
49031
271231
491653
246523
372539
602111
440269
421783
892123
555589
692413
611449
397289
634169
225257
365129
46307
660529
742993
173699
784913
595003
24971
223
175309
957889
484777
448793
749893
561347
538519
290489
103091
328439
327443
81967
441841
749557
974401
964793
41117
664271
158597
161167
53717
418559
300221
541141
287857
698653
839471
474163
705821
379123
99119
916261
73709
284237
725579
106019
142031
745747
247943
921143
729511
858259
891617
762779
450019
76157
249583
632501
526283
578647
618463
997769
706987
351773
888541
217163
34217
966431
317351
802787
9767
258949
541727
309269
761927
988321
900007
300493
102559
298723
229253
570697
620029
592391
618941
688147
365249
729023
319057
864307
183263
3529
176221
422701
244759
567467
758671
387173
63841
592843
283397
918079
432349
235273
597209
651803
79531
272507
189823
644797
656263
463339
375673
586087
315059
361469
672271
166571
499493
99089
424841
331843
479081
147661
308929
185221
349331
522127
61231
680209
745477
568163
534629
66919
997589
140111
258847
4861
7573
556811
204137
620161
791251
210557
79757
797627
612727
460063
178807
154579
132611
956107
653707
168719
975493
203767
117833
416821
165551
247391
994183
350663
634003
817793
259537
13997
504527
989231
592931
666167
143699
764719
704161
563999
21061
608273
419291
354997
585899
223999
603761
293207
193847
153817
56101
862207
85313
938351
712909
77153
981653
607471
516829
280939
375553
669049
354791
338407
97327
782993
837439
972823
317797
859667
62827
800419
830173
276047
65413
64013
265757
260363
372049
681913
609047
228751
567793
193387
475679
710603
954367
335113
62273
942853
572609
223547
792377
290033
199967
80701
652723
670903
542687
403537
679319
131711
834367
971387
219649
393079
925949
745573
20543
866293
218783
553057
572041
319927
360907
480061
400033
624517
268189
155219
701419
475333
241931
535037
772081
176461
771961
887291
465809
917407
664511
155083
231613
542923
869021
129589
195271
121843
945479
301793
225299
290791
296719
745649
207293
792629
155653
805031
262741
127643
554189
389971
134077
827821
181193
644951
353747
138337
939611
104971
230291
113287
687931
534707
86629
877213
8353
261301
610817
210109
926617
749543
201329
886993
60443
839603
594227
606017
247421
366181
952547
860087
841933
665029
768241
454151
222977
924709
789389
562459
365419
958213
262723
333101
375091
475957
114901
329899
774691
342647
683909
90787
939091
896123
340201
830387
977513
133349
280223
89989
379307
831139
542693
769243
837979
286541
89273
639677
758711
179689
893317
89069
607823
180281
33569
320009
15083
814603
617587
112807
13297
194263
223367
737179
340957
449131
816077
252383
323599
50599
50329
224929
931709
66343
966677
231241
649567
435739
971237
603173
485909
598163
384367
295037
316469
778667
919409
738797
169493
748763
171007
24683
698297
403387
117431
23977
504323
618253
150373
69109
234629
329587
274951
419711
148921
569623
240589
441811
909113
202471
625517
105883
26113
246611
103409
512321
795493
775007
806291
499459
729403
186007
984127
462067
683149
408913
556483
64937
623669
532531
900157
711259
840181
239087
721577
41539
900659
808981
485993
417479
240733
653507
64849
251179
12589
773209
403969
103687
668599
228257
727673
790651
815621
913573
779767
832361
331781
104287
816103
889373
267143
216967
32323
539713
659671
227519
706141
404951
708283
767957
338159
6581
817979
337
653789
386039
413353
730663
552731
670039
386851
480517
547441
451937
270961
302801
382069
873247
749323
100913
925607
619
268757
241771
485207
513641
212099
647719
44963
705043
546101
105983
997463
659873
883933
234457
268897
165541
672703
425977
686639
664687
132967
58367
88261
297719
415993
473197
470831
607517
577151
281317
537011
480707
135059
532163
389819
946741
412033
81517
273527
914327
932209
36599
296201
304091
651809
451909
508841
855989
560233
834709
378253
515761
864901
498331
157363
85411
528947
272249
447859
405659
466091
626377
480343
32353
788213
829819
966751
752527
113017
376399
621461
142907
943471
86239
523307
708823
826169
963323
784897
205433
6379
615539
270653
458069
318793
542537
769007
4493
150431
728017
793123
708583
416201
109883
57901
919901
183707
720991
203419
332473
463849
260179
800231
58991
175499
713627
446647
480391
368857
394169
464171
319159
144967
824399
716257
812641
359041
31873
225683
342101
551519
996187
469993
813529
32077
288227
320449
391711
732169
365441
945481
7349
400187
156071
748921
42071
956513
686293
426611
371957
22817
888431
833719
524309
916291
993079
263429
751199
870271
58147
868663
3623
2659
529933
423601
466567
557537
29947
235967
812167
432737
13669
519527
875627
884363
640963
819229
385379
89137
235159
903179
728647
147551
177677
357131
335857
990361
773093
172373
366917
689041
131297
967937
128749
503959
412603
872923
276953
130841
392893
230327
728843
145703
711629
754489
48571
143357
154351
869173
114781
249797
973529
209449
361577
362863
893023
466853
631597
793279
161017
654889
154493
664549
980299
484763
439639
554377
783337
865859
70459
702379
725113
876929
177257
788449
159931
422827
171079
850529
924731
859987
455831
355763
614041
750517
162779
935393
699539
712841
312583
714139
426229
425959
343583
4003
813301
81163
516959
980249
458057
542891
375029
104033
321227
842419
128629
367673
537547
767857
276389
574699
151841
927077
821851
545521
895673
457813
840911
336031
946861
405827
785803
261847
603431
56897
824899
376949
44647
283403
449699
694999
885713
264487
959627
628013
436013
759167
763039
723493
903151
409523
711967
757793
345701
864211
839497
186889
629987
102461
287681
261323
619573
438203
329387
497899
328381
425291
222553
223543
322513
385027
672143
49207
24571
258623
551321
634313
447463
6481
501121
572177
876893
561359
430883
172643
572449
357569
905599
121993
186581
792301
9859
174761
151379
261127
91393
911219
85333
398467
13877
223381
721051
762031
906617
647219
966157
560471
348001
305999
197341
975803
330227
697897
527599
291983
43151
551339
634091
133271
599759
549547
644977
706633
566723
295049
461479
177811
773537
455849
536621
229963
853387
891101
362867
63809
697049
909371
233851
162847
37003
375743
430999
374681
107243
495931
772631
711209
665761
905347
664633
794879
454931
757151
810437
693607
754937
994087
969407
133321
259033
817087
101021
579331
241993
121007
46093
938183
916417
772147
224267
692347
310043
927491
141157
523987
141209
41981
726787
443123
667697
799291
309623
147107
143287
517729
197299
186583
148873
897649
271829
985597
900259
294293
678023
6829
332191
186119
646411
104761
340321
947987
313739
100559
127343
52571
796339
235513
38783
482773
782777
111949
506347
555677
30427
595549
286397
171757
378149
134443
787793
661009
931067
374039
255869
239509
195541
976457
471703
278627
295877
864613
864793
277579
426553
93893
208121
713417
306463
881057
992417
151423
936227
251879
41443
26513
450859
750707
860533
836701
448531
948581
496583
145501
439007
507029
450367
517073
602093
195047
952967
532417
877771
837731
471481
758243
262627
719801
586147
296269
703379
23027
393077
932609
270271
977
739303
437473
833479
193751
221327
976091
147997
34403
969797
736657
442997
894247
491489
883279
497831
381757
906011
27751
961879
715789
558017
142403
4007
877423
462377
160367
841079
504157
870151
361237
641833
809213
624067
56081
70393
132499
210317
282563
755561
15497
90821
42737
5507
895879
23459
734429
844421
615269
858239
950611
902569
916649
527987
252869
274583
881411
807637
921079
692729
192191
650291
907099
296557
383113
103723
189271
162343
703141
201203
529673
954509
456517
296041
879917
486797
508661
18211
848269
445261
564359
903269
283519
969889
320867
37813
835823
692399
487973
635731
733277
23167
684829
572821
475073
736061
541181
678211
644549
639311
424913
800897
25841
289511
918283
369947
842449
88817
539401
701227
782009
527819
986813
656587
327829
572461
654349
951413
585653
570047
232597
315257
457621
532757
675629
383527
912413
588361
345749
523459
140867
871643
357967
503777
654107
681539
29761
718661
160981
396887
48353
224261
241873
441787
78079
454483
417127
925469
481211
313853
908851
49697
500321
704281
332317
749747
696061
225119
784789
678413
449077
914279
863867
623681
440761
315751
283813
257287
314441
220357
810839
950161
345707
613289
259643
27901
721219
670853
929561
188939
975199
218989
681983
536141
707747
442879
709417
990137
985993
12101
645611
979717
310927
830719
818327
447757
336239
202693
885839
733067
631577
994229
475469
990547
213799
318287
738623
12757
768139
683821
220841
480521
817409
732749
252691
141257
194003
283609
82021
169583
107099
171947
316961
301331
775681
662999
802651
30203
329863
963283
130513
542467
691979
608389
711811
726659
753941
393947
916441
935413
625543
131909
219607
745243
717817
662657
558611
154573
930467
721703
72871
710491
920609
727021
553897
892321
454679
20593
239779
399389
490967
810059
30707
611557
399979
429853
377393
480463
349369
282851
932677
210127
281683
703753
457799
18917
302551
452807
126397
435763
622243
872999
221623
451057
461009
89669
239119
86293
554639
667991
943543
741973
138059
276767
234917
7603
262127
921373
662743
296983
723181
838517
890887
126923
488051
152519
475751
150869
932207
982151
583273
708361
847949
95009
43049
834629
322271
421453
574711
885971
677011
34543
965519
791159
575213
478853
461299
337781
737531
49559
777011
555083
166609
166841
60623
70111
125789
522787
854747
281653
877027
62743
570329
425147
16673
757409
797681
137251
468893
686671
124087
392383
203897
354373
721909
168247
303691
79987
874619
439861
161149
116447
151339
142111
864781
6113
883409
107053
828133
460673
286453
67129
607861
494687
926767
177211
744511
398557
9781
996763
742981
118861
354143
990331
195479
83101
794363
19739
789631
358447
747391
95401
892579
695879
395111
449741
503213
224617
19001
56809
316499
907183
239251
65927
523969
344213
61441
447323
804179
127207
880097
921149
778913
739549
582119
91781
315613
620603
271211
272959
77261
906707
434249
881219
119089
241049
431891
561797
764471
969097
207187
881029
978389
679639
239147
417371
445969
521743
654877
540217
470669
142211
292849
2351
670001
417007
913337
876871
734717
634031
20773
844321
69557
730553
960677
439427
408229
758573
639487
110711
995801
909877
679417
175141
390001
508129
997897
155119
651901
194101
370133
69809
307523
407783
171091
151607
403181
583543
197033
244177
422311
672439
953273
126683
91513
62119
431021
761437
663601
235003
655229
854041
460903
748487
320563
639439
5023
874799
847543
260983
707131
280597
992267
858527
672863
961637
896347
805027
312643
101873
145219
493709
105601
752431
908617
205847
32297
299777
45307
29153
195761
213947
185089
111103
809771
69473
381761
531823
78259
899233
911861
177473
511409
759301
506929
381509
396719
935687
509653
828871
78017
521309
648779
352049
624271
798199
368957
342359
815257
570013
101051
493693
685459
612071
97
437849
224951
516361
356143
166619
28901
549257
664211
978037
398213
13859
936203
12379
690721
614291
954181
956587
479861
155707
41843
370949
83383
71363
575203
13613
793487
131321
299471
875377
578021
100829
208931
500807
28123
511811
629341
216023
760231
633401
646339
518981
523907
626701
631151
180361
333209
710867
487607
456959
814699
772019
306149
225619
204101
527749
519433
702623
709649
834829
349079
40813
313717
120017
675823
903223
125933
777143
368117
838963
493939
627217
468157
663037
155851
383347
700639
157841
828221
431603
582011
118843
759287
601543
944873
721261
341303
21599
747979
152539
823003
488249
726139
125651
612341
548291
519373
171659
858883
321077
851633
930863
40609
249449
32303
800417
25183
328271
150223
85991
387551
646831
324977
573791
322001
529381
790351
776759
465293
383051
366397
246923
29101
904147
887669
106669
68863
697673
226643
351287
802583
242227
499397
627101
226087
292223
658607
6803
127717
307283
980047
576731
765059
681979
244889
33377
509989
689629
398819
898319
74149
46751
983783
605953
470131
350989
959159
250013
445271
709283
197423
395303
443353
895253
29641
538799
3767
580747
675797
355969
75619
368491
759973
235607
28669
647111
749383
409943
645503
564127
178247
430823
508451
791321
204821
391739
371491
299317
174617
102299
822431
692051
696373
266909
455659
741721
700573
472711
742037
695117
707501
524519
699463
663869
122557
487897
781229
957587
836107
734627
416401
582139
986707
731567
955127
237053
43237
535499
895039
362003
498257
883691
360781
274973
706427
922487
753959
382883
272039
154321
874063
443291
185327
424157
724313
882067
194443
989777
568273
330037
425519
431567
165673
450293
551069
735557
793253
445187
121367
432833
288007
354323
358159
531841
585217
30829
686731
676007
299447
502277
616027
299419
441839
204371
763559
948067
279541
798937
970561
715823
136951
705427
420671
177319
16993
348083
896491
924073
613297
614113
224797
209659
831431
430571
704549
158363
36979
464773
450913
68611
660659
689929
664661
605551
812921
557489
676219
853717
258637
43331
524053
510677
102293
624797
431107
963871
52361
265841
903827
65777
628037
189253
175979
460609
316699
215687
699119
415153
782707
319519
972343
263597
927803
388277
961453
500239
442457
683129
306703
868613
846037
550607
733591
69403
280303
500107
994901
311711
25793
732911
500909
215279
668719
888683
14221
915067
427417
808721
871163
325379
388301
97729
352483
555307
65003
913373
237271
931289
248621
488261
350293
695207
838897
875447
471301
142529
939439
439081
192431
245621
792973
545759
874771
633653
611081
353401
73613
249089
981961
920411
4583
498947
401069
814883
417581
536971
786077
402757
909613
380231
433193
52561
477461
712891
397217
832109
268211
571069
512761
190807
10103
424117
666461
45121
978853
446363
914429
548089
149417
780853
205993
409337
686041
72481
750653
84443
193559
243857
214283
367121
621527
950179
765313
821
215531
268291
155317
424639
773609
900607
407621
187477
599153
188927
594137
835609
534329
312331
755317
82003
71023
799363
331693
519947
62597
164447
715313
739021
289937
607909
916679
617369
640733
574667
607093
898613
232409
678047
474241
24977
22669
666173
63697
285199
330641
624851
756629
678971
159839
72577
898097
124987
62929
567719
196379
472669
556763
217241
392333
866431
376811
810091
334021
674249
415691
315671
8293
265547
784573
993323
981187
409777
54787
560617
450431
648671
975277
532267
409691
563131
550073
800903
564973
766531
468109
621139
350347
424693
267431
978031
390097
415937
438281
703211
846407
516469
713147
200323
934673
475621
97931
171529
475327
920921
154523
76463
832679
404381
160441
452083
89527
315697
304789
694781
868121
4817
827063
785503
400997
420479
100981
340889
55697
802339
93949
902179
55373
797333
11927
514271
570649
343891
890053
435947
77477
298063
858787
391019
341521
629897
754027
162853
513481
484447
125659
799759
676807
117773
860113
160687
631249
580259
480043
249499
754717
204563
108631
103577
949001
664693
862559
39877
865217
725371
334183
306029
146767
382271
208799
509681
13003
992623
52709
300779
824063
92831
283769
670037
402197
109793
133013
880751
855277
922679
669391
242773
422549
577739
760843
956273
23671
70627
982273
723857
205297
4813
696053
256931
589187
427067
245269
936659
237487
684731
859037
191137
508229
194239
519539
950531
909241
56963
690103
540691
814243
76487
732653
751913
666649
830801
25013
519287
748877
252667
288077
923849
135649
467531
108967
226871
687767
222587
805109
904601
675839
994579
593627
13249
695059
106531
548861
234931
623171
277919
868277
411707
699169
586111
354979
621749
407791
70529
759599
398143
422111
103123
137437
19423
542939
761129
944963
69029
198593
961069
768389
736721
627791
359929
615709
778097
372497
308761
459803
636877
241537
498301
566681
562313
964267
316339
59263
638501
152599
694483
946331
6397
506893
685697
342899
108991
87517
611551
860701
567179
777737
230233
678451
206749
742541
772229
901739
890833
26947
422141
961487
366697
403717
583019
656599
195053
832613
43591
679747
332641
307577
125231
896447
318431
635249
453527
367603
955147
670823
259823
728699
502729
527701
838069
61121
608677
55763
760433
258403
343327
592967
663349
47051
810893
634651
6353
63743
179089
15959
28579
53549
243209
93481
15091
872107
692431
657539
298399
312083
386569
355501
570041
466723
320699
839617
815251
422861
26371
702239
844013
395537
70079
634643
436757
248461
367309
764131
155377
262519
747421
900001
875663
578029
371281
685547
86441
266689
271277
92467
613097
933463
627329
562439
740603
647917
693431
718807
8263
732877
19379
609173
958883
693527
412481
905719
27617
818359
5419
682373
500057
76207
281641
38921
664507
661889
613651
788933
854569
12739
767101
385289
766721
525599
485717
201623
612977
408437
406513
495401
478391
326597
702853
166151
548827
662261
416503
656429
130369
281531
23039
542719
475841
353603
15359
861439
788569
868603
926377
337627
362291
300889
106853
319849
796553
278347
29989
726379
917251
321611
964693
587053
579973
5821
479317
909061
457553
947729
453053
878239
300163
475103
676747
29287
625631
642217
817237
923603
113437
504599
310861
59779
68767
343253
501209
629143
96461
341959
510907
83561
485063
88747
381167
843067
46103
622043
96233
740161
63073
890111
459091
225167
216373
795467
576131
323819
981481
690841
673619
843503
69457
503599
202933
866081
86183
924809
708593
457711
853357
241543
733133
358697
861599
253423
421699
43691
945473
408049
288209
138113
343799
963397
555251
329471
67789
950867
325921
797309
320101
68737
834199
887617
82073
73951
737969
694081
855311
772451
119503
728537
842339
429127
513397
619999
688423
323717
988693
624133
687083
595381
678757
222107
411637
193469
879493
316649
660799
820177
984917
954677
585733
653
518237
767279
639941
524707
758987
426551
248231
460627
88873
8573
525697
146161
65699
979883
964153
267781
558793
384173
231331
400087
736847
616843
104681
765437
93913
54217
944029
121721
631153
532783
601813
289607
243227
852937
283093
560113
557027
878023
125927
518699
802783
328651
129769
412099
950269
585073
20287
998009
797557
227111
405641
737767
563887
698891
790277
489961
132851
731509
709831
557057
889309
593119
199483
966197
2141
739171
327809
800143
367663
533389
266633
933787
100519
482569
292427
321823
654293
937751
483397
56569
9199
357779
338141
202099
86369
183259
229937
752681
659467
386731
394019
564827
609683
295861
837293
915353
616579
19289
443489
433141
26993
95267
187463
995987
747871
733387
915487
990179
315881
327163
979163
124433
982841
973031
437287
564049
414709
600403
737183
75377
292577
311123
824227
347821
278743
601807
114769
137771
880541
18229
785597
225601
93253
496493
361873
823373
789721
673391
152623
790271
6899
671029
436097
419777
269891
181669
867617
891409
244567
821833
345923
574309
792299
997439
167269
571049
120293
510551
357377
484067
662819
952279
246769
251623
49741
280513
424037
197699
351479
209393
52883
139393
890371
418331
62633
69899
688027
545443
795517
865339
679309
361211
262349
571267
294829
422927
910711
363989
884417
339811
309599
623633
712913
87991
360317
51749
329431
444869
614893
522191
192229
278753
647161
211727
775963
761807
970967
910853
367369
634901
266863
842987
885611
935813
844733
950879
960941
195127
68597
547093
44249
778963
116437
391891
224351
55073
685717
702773
544937
805991
230257
558863
180337
774181
827693
744113
922303
179957
685427
480731
610667
816919
390829
490499
201511
87589
889261
57487
863017
317959
672937
766399
964423
184007
382103
366703
999083
46769
339907
930547
380447
677167
49433
710119
997097
506797
912167
664691
16927
511289
240707
8039
778187
577867
315467
327407
212557
123631
919189
278063
11933
889519
45329
906949
228619
754597
426731
671981
484193
138179
81629
957413
636619
857579
281207
832687
559591
456811
497671
280927
774901
795217
711463
562673
849461
715193
21139
469769
909287
707723
26681
568627
607363
622477
879701
664253
852037
754373
133597
287347
238157
222311
40787
158227
20641
636059
663589
645941
704681
105263
475691
406309
540851
122891
735689
249437
645011
383483
356501
358571
573437
821153
906601
510073
310577
589829
113731
674693
171827
577351
83203
206369
967363
486139
341659
859373
974707
960299
31123
969907
118529
699187
590923
67957
959911
310987
622889
499067
224011
567487
176521
685679
354163
625213
799853
272183
470627
167261
103393
578573
710221
644909
235621
13499
12611
276779
420481
335843
219451
599413
136399
681833
757331
796657
2791
17189
515149
231809
556067
830743
656267
2677
330907
821039
71411
946573
280451
221621
374797
168023
544723
49999
160343
350747
80831
258977
974387
98897
751921
784171
961619
730567
151213
126019
610553
882241
154213
99689
48017
751027
327983
668737
366053
104459
189493
453797
640457
75403
161561
549229
346873
278437
407347
586603
418739
741131
61843
779351
186259
543553
676129
800549
479461
641623
166349
715171
133241
181639
189127
439883
389507
648047
520963
184279
241861
201961
697693
421159
671971
370441
170111
320431
326567
534697
967667
934897
53087
654601
148517
760511
759371
432449
801247
50383
176129
114281
432569
555277
667283
188999
307129
718303
405521
916103
271573
123191
381401
576427
450217
914161
470689
969467
474779
151
313507
265781
532999
552659
930077
255071
952087
372377
29387
102161
237547
588073
585749
944017
409063
523021
749431
79631
369143
554419
952381
761477
663977
972577
591973
691721
126317
314957
182057
23159
433723
483233
494591
923471
429449
674699
627257
511691
211073
577063
36073
457013
134039
226943
450169
828239
298451
227603
318523
853189
507589
116279
402131
974999
17389
130957
222041
763349
117239
271393
924401
169241
353891
425861
324661
454967
347801
265241
991483
22153
192923
116923
535879
773719
571759
780037
917239
57709
246119
708161
864007
782501
720877
337097
393161
256471
17
212701
196751
486839
485347
434849
74279
947539
558703
282889
581527
362053
82507
326323
980393
168803
214517
187651
231443
985667
270553
9013
849311
179269
790819
372607
722123
55049
4339
105199
14869
69259
799301
50929
313969
269701
766021
388529
709531
605861
411737
192133
196277
884243
279779
56891
223219
655331
114599
252013
891799
197381
471259
389743
147787
733141
616313
708937
268043
779761
891061
391399
660899
12377
321547
235979
534431
183907
217057
265093
827903
924109
13217
335557
941861
221401
516721
548791
323371
63097
481681
413183
738391
439349
133303
720607
272761
679333
212227
913417
280069
738401
662309
348709
997663
907693
886493
3989
902483
162523
264559
968659
491261
700877
466919
556891
500413
72271
968501
322783
361451
207877
53591
550637
943073
944887
179819
173177
210403
840023
242779
543503
601319
661019
476599
95143
306949
585493
169919
600293
392809
106979
489361
98443
303859
975599
893117
66467
355261
114547
494699
212161
731623
19609
976453
849973
136189
511457
203353
130681
862583
747451
287939
275503
927587
195973
820279
83777
362473
631181
113233
537787
776117
654839
241603
181777
961021
226103
308333
984541
368059
310789
532009
966527
322921
333349
223969
1399
632123
965659
389981
201997
301997
420997
376021
599869
786017
563447
332009
55619
163411
92639
852581
653659
325081
100927
846733
505459
495041
160403
511153
603209
89891
154727
36583
645179
14759
22273
940759
906263
597551
973759
275167
57991
476347
299723
541201
680341
700171
674813
704593
372859
172619
889639
69317
504379
526759
766049
373181
45707
91939
73141
816947
687317
924877
11083
794471
272971
318917
633923
494381
560543
475379
832763
759799
804761
446533
484061
21401
475091
352043
56209
244109
533009
279421
955223
224291
662647
894527
292081
665603
817721
358669
190063
560491
762061
236153
712819
790529
253607
145589
245177
690367
431933
599783
665051
699641
818239
27779
48799
302053
389099
685471
983777
655289
153247
707191
241361
731531
963311
366269
415013
718379
92219
316769
190301
207367
875821
363379
275651
114259
838193
415171
459089
998027
771359
526531
439799
499439
125453
173993
999007
718169
321163
103787
226463
876013
708803
319211
764017
153437
64613
70423
300089
477637
118603
928817
175829
725041
384437
960593
31891
329143
119099
852139
666671
355009
946877
368369
941489
541669
13627
124693
300119
888011
838757
85781
179161
246277
545893
757481
385493
222007
940297
576119
258563
651481
504353
144481
33647
648101
361763
443159
6373
592307
158803
886663
336911
914443
999521
792067
825259
489439
52711
43783
725597
200731
99787
414679
60913
278207
229849
166417
221197
5347
44279
792481
431369
180077
141497
822551
805487
129499
836471
132619
177913
589349
650317
990053
981599
387137
908129
858307
743269
374683
415409
83689
556709
569957
804581
15149
167971
104801
812281
594469
230137
719989
94207
915197
959719
701711
637787
379699
729019
293767
774629
83911
841237
69001
194839
274837
152819
599741
486637
553607
438443
774959
920729
124777
234287
782497
472939
165857
855203
152777
559679
322871
18131
170213
595961
419933
827867
566617
193811
714619
800473
511013
79769
686029
316903
94309
243343
828209
493139
732467
778979
910177
118147
19841
805499
761711
506573
468151
127423
193951
308573
92419
354839
777031
611791
450193
896723
57923
478727
127249
799471
424811
333023
445279
80849
507301
943603
975193
470161
674357
461053
274517
424243
14593
809087
825679
475351
675079
696743
426163
981637
853969
235877
403553
830353
292183
306763
183089
281849
173081
830561
421103
19069
164089
281549
777001
280957
366193
132059
353929
716531
109171
390763
741491
147391
434939
398149
713171
160049
994271
536443
634703
182969
159899
796759
112111
640421
181213
838483
633379
352523
164039
5623
970657
263573
536633
11719
602603
743657
263503
431663
404273
818687
436481
775267
663269
486323
827809
698393
594119
698903
723587
212239
484489
399149
97829
550427
720283
426763
710557
846529
298757
138889
801349
575837
996859
440653
77569
373693
100693
497963
13781
802951
766039
738173
877853
981569
269513
132241
405901
412903
260269
987991
536353
420073
511633
106537
900737
104639
505277
175003
717011
503249
231349
170231
125641
800311
426469
732191
429677
880883
729371
614657
7703
507673
737327
987587
79889
696989
249517
545473
196453
21991
375997
619849
221807
440039
768371
693493
167119
7247
300073
374117
517919
184687
127591
793979
248099
415651
778213
275129
279991
703679
572573
894547
426077
62311
280897
211777
959009
518057
263269
883087
417997
741833
337217
794111
386621
904627
261959
382003
396953
622129
373073
545551
453949
855221
28663
864121
153949
702281
422627
190837
349553
165703
580763
834653
9473
123887
407807
378523
582643
390727
238729
514453
481721
971939
400927
596279
643421
593987
504671
879007
191533
862861
266491
921457
272903
413267
489389
861499
407699
845431
55901
538159
356311
682463
66883
754811
54679
852151
514127
625351
457319
939317
818429
674183
19531
632231
559939
911293
905461
992429
935593
251219
317159
34129
113279
32363
861199
65203
666667
282001
480881
527983
478253
932431
140281
768259
707429
339103
135049
339139
378241
139627
175909
557717
84181
297377
952481
55787
591053
74143
653879
918581
904727
69313
716087
42157
180751
7013
191449
226783
667727
912859
477523
30703
909599
52069
649511
832129
201337
