306689
120097
507839
426193
864107
835841
142733
688979
563971
830329
181499
770597
184259
78059
481469
237959
256147
15091
355321
820627
546097
540751
962993
300431
129641
139999
510793
769687
271787
669649
620909
235519
298801
2447
804043
441421
396709
838133
372829
877403
95093
912251
327581
639211
454387
386131
188911
420221
343817
919169
761861
185677
467963
310801
457279
734057
697033
531827
15607
250169
54503
166169
90199
66601
407257
226099
730889
230863
309523
776887
218549
363533
195457
988051
81017
561809
729511
768347
578563
644531
786329
358153
906029
461381
469241
232571
309371
33773
152821
438131
844709
107747
43969
700367
146033
460231
553591
396833
488119
220163
666541
207671
980957
218923
747547
544613
587
241561
306653
922513
402863
359641
978697
786803
532403
22229
499157
506593
715849
214639
544177
868327
370451
881477
133403
878287
129037
402767
294053
278071
2351
168433
907471
183691
743143
327473
986281
704117
920833
142369
174017
6871
361313
877003
156577
99991
813697
371387
792397
518803
812353
301627
327001
128201
283637
257353
463247
959779
420073
57077
224633
464803
978821
879097
112153
234431
723857
433471
548909
211151
447263
244463
273913
221077
797021
469367
770519
68669
494987
284267
595927
274283
933931
830411
351427
980851
360977
864613
625811
419443
48731
428557
785569
746813
893489
458897
573757
667309
718547
184333
812167
192677
443347
784129
784471
525013
504349
777979
58337
420103
169097
669607
950737
437083
51217
823283
144887
50077
477461
649073
325081
505201
996049
862501
826541
24049
127301
281429
9907
936379
368047
584719
732467
403181
892093
371321
335107
831367
52489
693409
677561
965087
243533
405497
463319
975343
332921
867509
46061
492491
799727
24551
406013
376099
21739
344251
24413
603173
374333
871553
472687
359147
636469
971381
483071
158269
360989
65011
524869
200293
654011
807923
202577
236323
587527
749011
18583
857083
783613
443761
566701
691553
24133
668539
698539
885869
815279
932567
244367
711749
949513
116797
197257
936521
778223
327869
97499
807901
348431
319321
445321
644933
405817
936437
683503
646103
17099
388051
902039
231347
495619
515237
473167
9377
695467
160817
804073
214559
66383
597239
553067
215959
74797
24097
646631
510007
762893
131489
477769
286469
826603
950479
501217
588437
819419
181211
471619
87221
737921
503453
94349
520853
338473
767089
305131
553229
527897
134153
106453
484091
369029
11149
532277
373297
663301
830579
25453
684427
999953
144383
50387
150979
889519
720971
973529
615767
70309
683957
71761
846961
354883
70297
435343
831697
513679
287279
312427
148573
730321
131839
944729
469691
130003
555739
750521
691589
211747
410233
969559
776099
660013
300931
193883
541447
426563
960383
904663
249563
204487
172519
634397
395921
373783
467447
378083
813613
841369
419567
720241
716531
113591
646549
341729
572633
905719
517597
132949
572063
386159
286381
742607
548827
898727
868277
427429
222329
807197
579809
781453
642217
320669
331553
844499
434191
746951
679993
510319
630737
361909
476243
504871
237967
643439
376931
713599
227789
313031
593473
914789
935587
450641
532537
489019
885257
711929
987631
70139
751669
91253
373157
646823
960293
330103
822599
362521
44123
891323
777857
59473
27107
866477
798043
832309
82471
980921
243473
28447
566011
883231
198179
389569
965201
705031
115879
442777
673117
561103
985741
297289
688871
837931
722903
346669
764993
315739
846869
7927
572609
751103
600241
98929
235661
405413
741229
245563
859567
793139
849599
389903
624089
769411
320107
547453
788189
261847
147571
217241
626783
510907
483377
708311
653797
803441
833783
103087
868531
924877
617681
184417
89671
6869
809407
266587
840761
332951
586403
894581
837359
873497
164987
720289
628289
468019
843607
5407
360337
825763
672799
96137
471391
496007
829223
153089
807077
183119
491951
284477
55697
822389
899473
598657
573863
839899
439463
19583
446041
870211
332993
175003
120163
5119
427951
420307
374681
958193
413167
552401
13411
749431
49367
132523
105601
19697
463949
914873
861881
324217
250147
461413
580997
575119
833633
592877
94907
372241
638431
358597
225943
179969
962791
670903
586541
94823
553961
535169
300277
728267
880303
850951
765043
405997
518429
610781
879341
355139
781601
617119
72823
986137
669707
673513
231293
632297
539293
241739
172313
253823
556987
844201
884591
929809
83339
274627
121327
276389
414259
642581
229321
482263
880247
686177
843797
103457
515803
760913
272189
522317
15427
750599
273313
839
631861
365669
621343
372901
822589
500333
525953
905207
117643
717149
140611
907073
431663
562621
751423
320821
616843
515579
907843
225079
963871
187633
256169
847601
461233
215459
446969
943781
906427
637597
564617
727541
578503
895313
638893
41959
977243
767323
267679
177797
772091
798697
894791
150659
333299
621353
494693
242629
233293
516679
28789
570487
363569
369491
688679
694033
513841
146683
762371
365173
24281
891643
238081
643403
744221
370871
364349
783781
220589
457789
570139
95213
867943
354313
870497
793553
134699
637841
680123
501103
798023
45763
15313
815653
87179
596059
872227
512903
618311
890459
221173
264997
2339
985867
328327
387007
781021
793711
387727
675251
481231
164267
217111
794921
236549
950531
193387
204751
567389
386429
432059
603607
33547
750179
715679
45697
438521
203531
66697
317267
821461
363659
214091
949253
260201
898613
572417
70537
529157
298327
616909
904627
694313
461581
342421
709451
228203
21013
925121
640793
410491
989803
175963
610469
978269
842951
941747
713177
350657
218989
428759
398323
21347
67631
702199
823591
622927
743377
